capture_face_268_0.511581.jpg 0.40077707171440125 0.34250724 0.46983278 0.6002922 0.50065684 0.46723115 0.65410143 0.35909396 0.76688886 0.51183283 0.7795565 
capture_face_166_0.506262.jpg 0.9222389459609985 0.4378347 0.41641778 0.738662 0.40925586 0.6647519 0.60943836 0.442798 0.7430629 0.7195221 0.7295275 
capture_face_257_0.785341.jpg 0.9881159067153931 0.3972766 0.38632864 0.72841513 0.41064167 0.606873 0.56555974 0.4378475 0.7170021 0.6509042 0.7260996 
capture_face_5_0.732899.jpg 0.3039039671421051 0.56078464 0.39477915 0.76384366 0.41571474 0.7580037 0.58864003 0.4953394 0.7042655 0.6210917 0.7241217 
capture_face_57_0.836102.jpg 0.0008629007497802377 0.30738556 0.41109943 0.4835497 0.430592 0.30435884 0.56679094 0.35802427 0.7148477 0.41602156 0.72754395 
capture_face_334_0.836608.jpg 0.013786680996418 0.44935003 0.41389745 0.681911 0.37486273 0.6563636 0.47743025 0.5627614 0.65632695 0.73968506 0.6147426 
capture_face_313_0.840256.jpg 0.03230297565460205 0.3954124 0.38843226 0.7016318 0.3872146 0.5999758 0.5003392 0.452316 0.6622968 0.66339874 0.66136134 
capture_face_536_0.527599.jpg 0.5200631618499756 0.22463578 0.5087744 0.44902816 0.50124687 0.32629353 0.74034405 0.46173206 0.7764247 0.5691469 0.77115345 
capture_face_247_0.537759.jpg 0.1456507444381714 0.32631493 0.40155 0.5877421 0.46039218 0.40456575 0.5580834 0.28202853 0.68148947 0.47602847 0.718811 
capture_face_345_0.547622.jpg 5.271502595860511e-05 0.25558695 0.35676447 0.40699542 0.3926264 0.23799682 0.5294991 0.30853036 0.6636965 0.3997505 0.6996029 
capture_face_233_0.757695.jpg 0.9886804819107056 0.62979484 0.43005043 0.80652905 0.4102568 0.85756475 0.5492944 0.631802 0.6897628 0.7601751 0.6778129 
capture_face_904_0.458180.jpg 0.0004262994625605643 0.27940664 0.38640726 0.2716057 0.41432232 0.071582034 0.57314706 0.35348704 0.7048887 0.33220524 0.7320149 
capture_face_380_0.401020.jpg 0.03970677778124809 0.21938369 0.49158406 0.44151798 0.46595633 0.26339072 0.68840414 0.4077804 0.7979406 0.5368105 0.77415204 
capture_face_253_0.871395.jpg 0.0023306868970394135 0.28205997 0.4223634 0.533846 0.40592992 0.41644412 0.59620297 0.39724877 0.7417824 0.52177477 0.7397588 
capture_face_164_0.527280.jpg 0.11821409314870834 0.41883564 0.41261882 0.714165 0.37258792 0.6478251 0.6046138 0.49674112 0.7791269 0.7019321 0.74158263 
capture_face_5_0.768320.jpg 0.24991032481193542 0.5280768 0.38906065 0.7603736 0.39771503 0.7064921 0.55534995 0.5260436 0.68476194 0.67071867 0.6922215 
capture_face_57_0.739494.jpg 0.001390067976899445 0.46309093 0.37861544 0.70348454 0.4409036 0.5787504 0.6149695 0.34777668 0.74386615 0.48243338 0.77089864 
capture_face_247_0.524875.jpg 0.04712250828742981 0.26576605 0.43704462 0.55949533 0.4416504 0.36561728 0.6066928 0.30624625 0.7501529 0.5017123 0.7437904 
capture_face_850_0.491397.jpg 0.08507268875837326 0.4621478 0.51354223 0.71061146 0.47122306 0.6574466 0.6304864 0.46596587 0.7612741 0.63747716 0.7435965 
capture_face_288_0.449977.jpg 0.28680655360221863 0.47456285 0.383753 0.76468503 0.4098941 0.70345986 0.4973588 0.5421036 0.66038513 0.74179065 0.67636794 
capture_face_5_0.854153.jpg 0.15486697852611542 0.42523205 0.39426237 0.71983063 0.44831675 0.5650272 0.61082745 0.4261387 0.7216188 0.59138405 0.7529233 
capture_face_288_0.509321.jpg 0.005929028615355492 0.343471 0.34571895 0.63704264 0.37130892 0.5275394 0.48379278 0.40782255 0.653517 0.60706353 0.67802685 
capture_face_100_0.813006.jpg 0.37491366267204285 0.31655073 0.40075958 0.63025665 0.48356545 0.4146653 0.6157868 0.26432708 0.71490467 0.4471487 0.77215916 
capture_face_313_0.910029.jpg 0.002264761831611395 0.46414766 0.39987504 0.7152617 0.42224544 0.65080965 0.53278375 0.4892721 0.6839697 0.6706201 0.68877906 
capture_face_226_0.763812.jpg 0.7709556221961975 0.64383024 0.5305773 0.80735266 0.5120293 0.80285525 0.70912725 0.49487922 0.7658075 0.6152955 0.75859773 
capture_face_239_0.631860.jpg 0.006002539768815041 0.28351995 0.50987875 0.5784522 0.4580865 0.43719244 0.7485678 0.41750523 0.81277966 0.6194216 0.770187 
capture_face_249_0.747443.jpg 0.7635995745658875 0.24305385 0.45647794 0.52167153 0.39962673 0.3862777 0.58643603 0.4099956 0.7446734 0.5696155 0.70782125 
capture_face_257_0.495284.jpg 0.11181652545928955 0.61044383 0.35552096 0.87973344 0.31415904 0.9338199 0.5060566 0.67279255 0.73055714 0.83737516 0.70697635 
capture_face_848_0.920266.jpg 0.9458234906196594 0.38474447 0.35379413 0.7094184 0.37614745 0.56497353 0.5361147 0.43810838 0.67345953 0.65826976 0.68605435 
capture_face_953_0.440054.jpg 0.08271066844463348 0.2537056 0.49991632 0.323245 0.4468528 0.1688241 0.66852367 0.46015933 0.7871505 0.47047886 0.752667 
capture_face_551_0.522500.jpg 0.00438314164057374 0.1915935 0.38672918 0.3595027 0.38702798 0.12095784 0.5445462 0.28328007 0.7268812 0.3721361 0.73278904 
capture_face_380_0.533668.jpg 0.20421567559242249 0.50683814 0.4586081 0.73275113 0.38823915 0.7573086 0.56784606 0.6300089 0.7440721 0.7883128 0.6893233 
capture_face_334_0.801110.jpg 0.0031781119760125875 0.4506723 0.45753807 0.65475535 0.41086483 0.6655732 0.5227495 0.6172904 0.7309387 0.7575791 0.6826754 
capture_face_563_0.672254.jpg 0.00231679854914546 0.33276182 0.4716829 0.5401572 0.44939893 0.39067745 0.6760088 0.45570132 0.7572475 0.592924 0.7444577 
capture_face_302_0.657672.jpg 0.3572053611278534 0.25416654 0.41339254 0.4085575 0.4149174 0.2093677 0.5881955 0.40114877 0.7321573 0.5151786 0.7255487 
capture_face_196_0.713727.jpg 0.0061247400008141994 0.55069745 0.45393616 0.7869301 0.45891982 0.7550913 0.6469098 0.4995372 0.75942457 0.6400758 0.7655088 
capture_face_7_0.469555.jpg 0.00453931512311101 0.4849052 0.43702167 0.77432656 0.46184498 0.6881507 0.6779376 0.3922287 0.7624028 0.6106297 0.7812279 
capture_face_551_0.835094.jpg 0.023860998451709747 0.19266763 0.4532527 0.46394357 0.4208209 0.28632492 0.63324827 0.37752977 0.7853438 0.5280657 0.770898 
capture_face_166_0.406398.jpg 0.5462566614151001 0.64478594 0.43557626 0.7864964 0.42492163 0.8733356 0.6173904 0.61679804 0.73679686 0.7141279 0.73583704 
capture_face_180_0.907463.jpg 0.9939306974411011 0.35829288 0.41076314 0.6673801 0.46901524 0.47011155 0.662374 0.26722878 0.72461736 0.5356599 0.7687259 
capture_face_21_0.474817.jpg 0.990829348564148 0.13382228 0.43392453 0.3464978 0.4091134 0.16401465 0.62834454 0.26836535 0.75918514 0.40368995 0.7471288 
capture_face_494_0.440184.jpg 0.9822707772254944 0.551808 0.36648035 0.7821108 0.32385308 0.80028224 0.5310027 0.59389704 0.70824045 0.7437273 0.68436366 
capture_face_302_0.902426.jpg 0.003962687682360411 0.24460548 0.43690732 0.4743437 0.41802287 0.2951413 0.5899226 0.35172 0.73909986 0.47464994 0.71986836 
capture_face_173_0.454547.jpg 1.5064871661252255e-07 0.19319123 0.46537146 0.47926107 0.42754996 0.32575423 0.67268157 0.35995075 0.8245491 0.5570048 0.79014385 
capture_face_850_0.800504.jpg 0.05782417207956314 0.44864058 0.42485848 0.7326517 0.43235564 0.63239413 0.60772294 0.42118195 0.7151959 0.63993025 0.7222736 
capture_face_245_0.870820.jpg 0.7021434307098389 0.37344986 0.41393656 0.6689788 0.44437695 0.5350128 0.60318506 0.41973522 0.72831446 0.59494495 0.7405451 
capture_face_825_0.476089.jpg 0.999268114566803 0.49823353 0.4469002 0.8017001 0.5032264 0.6526877 0.6712476 0.41525635 0.734642 0.63256633 0.780976 
capture_face_151_0.532443.jpg 0.9994215965270996 0.39400804 0.42076164 0.67851734 0.4195996 0.5561031 0.55699146 0.3834627 0.67161345 0.6620506 0.6753401 
capture_face_492_0.446123.jpg 0.9995686411857605 0.38881838 0.45461 0.71416867 0.4156052 0.60287654 0.6135719 0.4775788 0.75895005 0.730891 0.7268839 
capture_face_611_0.967194.jpg 0.9991946816444397 0.40296662 0.41656625 0.7047205 0.43795562 0.5791435 0.5972754 0.38983205 0.7008325 0.6534065 0.71528333 
capture_face_862_1.058827.jpg 0.9994142055511475 0.41289446 0.4153775 0.70553243 0.45115507 0.55827665 0.6181947 0.38671568 0.70470846 0.61996615 0.731293 
capture_face_444_0.515621.jpg 0.9997854828834534 0.3499428 0.45448843 0.6928505 0.40630466 0.54144704 0.5926857 0.45149657 0.77899194 0.7091272 0.7388851 
capture_face_677_0.954313.jpg 0.9998422861099243 0.3820346 0.40100121 0.70128167 0.41272044 0.5487482 0.6047037 0.38533166 0.72585744 0.66382134 0.7354642 
capture_face_569_0.526359.jpg 0.9994633793830872 0.37052843 0.44116277 0.6800777 0.4167421 0.5694733 0.56176245 0.4236056 0.71670866 0.68638885 0.69532233 
capture_face_95_0.852775.jpg 0.9993625283241272 0.23931348 0.37478095 0.5201508 0.40208656 0.26022142 0.53887856 0.24612379 0.67608446 0.4579155 0.70456547 
capture_face_428_0.859912.jpg 0.9865821599960327 0.49253905 0.43295488 0.7681929 0.43113756 0.7476276 0.59636617 0.5145425 0.717897 0.7544987 0.7198068 
capture_face_50_0.500249.jpg 0.9998987913131714 0.33898747 0.46865174 0.6717229 0.44509858 0.490994 0.6118857 0.37792802 0.72228605 0.6617718 0.69692457 
capture_face_576_1.021850.jpg 0.999776303768158 0.36201227 0.41975075 0.67559576 0.4311006 0.52138805 0.58401895 0.36833575 0.68462336 0.65478766 0.68954265 
capture_face_880_0.505023.jpg 0.9859618544578552 0.3768165 0.4987655 0.7226492 0.43846887 0.5975853 0.70192176 0.483157 0.83485293 0.7213125 0.78560245 
capture_face_904_1.043637.jpg 0.9995075464248657 0.41343626 0.4570698 0.70345473 0.40430242 0.65061975 0.5667449 0.503097 0.71829605 0.74239314 0.66730297 
capture_face_204_0.538847.jpg 0.965893566608429 0.19070673 0.4176331 0.46647868 0.39209688 0.28821403 0.6116082 0.3175819 0.73166305 0.51458 0.7140496 
capture_face_7_0.511678.jpg 0.9869780540466309 0.40987918 0.4884697 0.6721277 0.49555898 0.54912406 0.68616104 0.4186438 0.7499869 0.63333607 0.7575298 
capture_face_428_0.918130.jpg 0.9934830069541931 0.48454326 0.44195092 0.7564709 0.44200158 0.72249466 0.5944105 0.5196426 0.70917845 0.75219965 0.7133685 
capture_face_840_0.938854.jpg 0.9995651841163635 0.3747349 0.40787774 0.69955695 0.43422252 0.52294576 0.6179348 0.30308428 0.6734588 0.6393719 0.69681996 
capture_face_160_0.788901.jpg 0.9988815188407898 0.44498625 0.36931825 0.7405423 0.3592031 0.66847205 0.50989664 0.49133795 0.67218256 0.73891747 0.655385 
capture_face_189_0.535854.jpg 0.9994656443595886 0.350417 0.39025697 0.67481804 0.36264777 0.5258491 0.51749057 0.39169508 0.6853157 0.6752645 0.6598365 
capture_face_539_0.440353.jpg 0.9992077946662903 0.39209792 0.47442698 0.68642664 0.4875089 0.56371915 0.6570992 0.42442396 0.75321954 0.65724313 0.76180387 
capture_face_204_0.512823.jpg 0.9998132586479187 0.21050602 0.46140078 0.5302981 0.4088385 0.38285464 0.63166934 0.33002338 0.773734 0.6001793 0.73268574 
capture_face_176_0.518734.jpg 0.9998373985290527 0.20919868 0.42873672 0.5113901 0.4243676 0.30031958 0.5888631 0.28215173 0.7153062 0.51143914 0.7125582 
capture_face_257_0.822930.jpg 0.9874209761619568 0.44570276 0.51599014 0.7460854 0.51397055 0.6553518 0.75938886 0.4412193 0.7901805 0.66217566 0.7872329 
capture_face_368_0.514895.jpg 0.999818742275238 0.37785977 0.44182944 0.714043 0.44710135 0.5297038 0.6286252 0.36630997 0.6982664 0.66518545 0.7055832 
capture_face_981_0.483321.jpg 0.9997647404670715 0.36006954 0.40280798 0.6843113 0.4471215 0.5277519 0.5732157 0.33993748 0.6789885 0.59808445 0.71644497 
capture_face_260_0.849212.jpg 0.9997032284736633 0.2623956 0.43939686 0.6098558 0.44209814 0.39949277 0.65173954 0.31444678 0.7157204 0.59861887 0.71190727 
capture_face_442_1.065723.jpg 0.9997957348823547 0.40012997 0.42663753 0.7169694 0.45180607 0.5818124 0.59727836 0.39969 0.7132452 0.68180525 0.7295392 
capture_face_856_1.010969.jpg 0.9985721111297607 0.37694114 0.4111637 0.7099887 0.4085117 0.57966685 0.56020707 0.37975565 0.68265194 0.69560325 0.6806178 
capture_face_106_0.520784.jpg 0.9941060543060303 0.21784532 0.46660578 0.43493566 0.4067843 0.22011228 0.58103067 0.3028203 0.75179946 0.4581391 0.7127164 
capture_face_426_0.920764.jpg 0.999314546585083 0.25792626 0.4376557 0.57274306 0.4143508 0.407423 0.60924846 0.32612124 0.7046226 0.59906876 0.6819569 
capture_face_345_0.490312.jpg 0.9996376037597656 0.2997439 0.4652544 0.6608386 0.4891132 0.47386092 0.6923424 0.3196749 0.76369214 0.5740469 0.7764509 
capture_face_214_0.500174.jpg 0.9980417490005493 0.26423544 0.5080097 0.5965642 0.46975094 0.44483903 0.7089253 0.3725513 0.8182768 0.6226512 0.77523273 
capture_face_515_0.921692.jpg 0.998264491558075 0.3382817 0.50006026 0.6388242 0.45193094 0.51210874 0.6394102 0.41993645 0.7300264 0.66653585 0.6872523 
capture_face_391_0.895996.jpg 0.9995366334915161 0.3867959 0.44754457 0.70809376 0.44173312 0.5648781 0.61962336 0.402823 0.7288741 0.6700239 0.71922386 
capture_face_298_0.465426.jpg 0.9998760223388672 0.31255198 0.3889399 0.6602956 0.40453482 0.47019273 0.5566709 0.32078037 0.713859 0.60765636 0.72772735 
capture_face_228_0.868431.jpg 0.9996901750564575 0.29223448 0.49487603 0.61823463 0.45661622 0.4618872 0.68994486 0.4120111 0.77297294 0.6564355 0.73889244 
capture_face_515_0.834404.jpg 0.9977807402610779 0.46001598 0.47202945 0.7899388 0.46662444 0.65246856 0.6649331 0.43446523 0.73613036 0.6837671 0.7306253 
capture_face_672_0.906455.jpg 0.9995452761650085 0.49568656 0.44286186 0.7665849 0.47337383 0.72166115 0.6069382 0.49889645 0.7249896 0.69097996 0.7515399 
capture_face_920_1.029690.jpg 0.9995338916778564 0.45343214 0.41552874 0.7401445 0.42168325 0.647438 0.5840669 0.46371922 0.7111283 0.69257295 0.7163416 
capture_face_2_0.449315.jpg 0.9966434240341187 0.36159983 0.52407503 0.7232288 0.49282682 0.56384206 0.70078087 0.4588742 0.82835305 0.7242799 0.7995219 
capture_face_345_0.530005.jpg 0.9994099140167236 0.17902529 0.5108315 0.5269091 0.5188387 0.30761573 0.76353806 0.26671845 0.84046066 0.5135095 0.83852035 
capture_face_482_0.941445.jpg 0.9958867430686951 0.40500447 0.4090432 0.71179354 0.38744324 0.6646732 0.51709604 0.51394796 0.69219685 0.7560345 0.6706898 
capture_face_166_0.890509.jpg 0.998695433139801 0.5180676 0.43318525 0.79882514 0.4312935 0.7516767 0.580412 0.56213593 0.713011 0.77137995 0.7080215 
capture_face_539_0.899105.jpg 0.9998006224632263 0.34573686 0.49980974 0.6570637 0.40202653 0.56642747 0.6067477 0.47757873 0.7630136 0.7375337 0.67863965 
capture_face_660_0.453976.jpg 0.9996455907821655 0.45335102 0.4032203 0.76718664 0.41176808 0.64677167 0.5979894 0.42100993 0.70678204 0.69450366 0.7148831 
capture_face_257_0.930363.jpg 0.9599666595458984 0.38883644 0.43051833 0.6961297 0.40736842 0.5696198 0.61899424 0.4055431 0.7213727 0.6782694 0.7097753 
capture_face_555_0.842740.jpg 0.9967080354690552 0.33755255 0.52192134 0.66281354 0.5322606 0.47321236 0.7196631 0.37377068 0.7468565 0.60439444 0.7557287 
capture_face_7_0.906183.jpg 0.9919984936714172 0.4863755 0.4117915 0.7900841 0.45332086 0.6639658 0.6298475 0.43620104 0.7197699 0.6647085 0.7577889 
capture_face_264_0.484950.jpg 0.9995006322860718 0.28251517 0.5104869 0.57384706 0.4494533 0.4466647 0.6727692 0.40611115 0.77683806 0.64031863 0.7209387 
capture_face_113_0.469056.jpg 0.992804229259491 0.4615564 0.46890497 0.7655928 0.4421187 0.65563166 0.63733685 0.48708066 0.7436414 0.6722841 0.7265103 
capture_face_582_1.018706.jpg 0.9995249509811401 0.37016875 0.38491 0.6718563 0.3887868 0.5264545 0.5743379 0.38290408 0.6754096 0.6440114 0.67398673 
capture_face_494_1.071556.jpg 0.9997990727424622 0.40389132 0.38331556 0.71245134 0.39572525 0.5890093 0.5480672 0.42357782 0.6966725 0.69865704 0.70413464 
capture_face_449_1.042308.jpg 0.9986647367477417 0.34303224 0.38720846 0.6713431 0.41967183 0.49378282 0.5808774 0.30695733 0.6635015 0.65222216 0.69551635 
capture_face_15_0.922468.jpg 0.9982091188430786 0.34412816 0.44381642 0.65944815 0.43540472 0.4905591 0.5672332 0.34726444 0.7095246 0.6264695 0.7028904 
capture_face_2_0.501510.jpg 0.9991137385368347 0.44537687 0.46838647 0.76086795 0.4355399 0.65195346 0.6394661 0.49691856 0.74403167 0.7405244 0.7202691 
capture_face_672_0.510709.jpg 0.9990168809890747 0.4145682 0.40969694 0.72806823 0.40304184 0.5938296 0.57135504 0.44957545 0.69062114 0.68850124 0.6791731 
capture_face_375_0.919378.jpg 0.9194563031196594 0.39098963 0.35291028 0.72245836 0.39583945 0.58511937 0.5156841 0.4393993 0.6723735 0.67730546 0.70463973 
capture_face_412_0.948637.jpg 0.9997594952583313 0.28996295 0.44888556 0.6408926 0.46395946 0.45535785 0.63320386 0.31736854 0.71156514 0.620113 0.72286963 
capture_face_507_0.959289.jpg 0.9973191618919373 0.41165155 0.44100404 0.69853055 0.40349686 0.64808714 0.57245237 0.50674516 0.7252583 0.7532146 0.68543154 
capture_face_120_0.405231.jpg 0.9984536170959473 0.59642905 0.3892093 0.8539809 0.3845048 0.833071 0.56024337 0.601816 0.7219959 0.78593075 0.7198477 
capture_face_125_0.868115.jpg 0.9990070462226868 0.4466416 0.4397491 0.79540884 0.4119268 0.6811017 0.6444362 0.4977496 0.750978 0.7571205 0.72630835 
capture_face_257_0.543577.jpg 0.9984379410743713 0.5021472 0.45376396 0.82258046 0.44019163 0.7307166 0.62521976 0.54811275 0.75274825 0.7801932 0.73903334 
capture_face_216_0.828426.jpg 0.9957270622253418 0.51846915 0.4146241 0.792652 0.40201265 0.74049485 0.56402373 0.52376074 0.7083075 0.75402594 0.6977732 
capture_face_161_0.528099.jpg 0.9999035596847534 0.35577244 0.4308835 0.6848904 0.4117521 0.5273239 0.6072851 0.42974246 0.72990584 0.6888684 0.71254796 
capture_face_981_0.874644.jpg 0.979144811630249 0.45046803 0.45630407 0.7368356 0.4357084 0.66640234 0.63426435 0.48111653 0.75490105 0.6974369 0.74237514 
capture_face_189_0.508707.jpg 0.9998719692230225 0.32418752 0.3682379 0.66034424 0.35973734 0.46695024 0.5229662 0.35678667 0.68372416 0.62283766 0.6804979 
capture_face_817_0.471993.jpg 0.999760091304779 0.3768756 0.42664474 0.6812701 0.37916982 0.56120765 0.5923224 0.44551912 0.7057767 0.6901971 0.67249453 
capture_face_18_0.514466.jpg 0.9994200468063354 0.26886204 0.45618984 0.58109176 0.4052258 0.3654949 0.57768106 0.3200397 0.73248506 0.5923401 0.70142853 
capture_face_95_0.873037.jpg 0.9993797540664673 0.23804775 0.35786575 0.52537644 0.3884384 0.25890386 0.5175882 0.23471093 0.67530745 0.45481494 0.70407784 
capture_face_647_0.537825.jpg 0.9998038411140442 0.3664968 0.40290764 0.6767703 0.4043101 0.5114011 0.56739485 0.36309338 0.6922733 0.6164324 0.69554627 
capture_face_950_0.506240.jpg 0.999273955821991 0.3285225 0.40362543 0.63664675 0.38518804 0.45124918 0.5229653 0.36139742 0.69989157 0.626281 0.6854418 
capture_face_798_0.519593.jpg 0.9999111890792847 0.3291553 0.44163737 0.66116786 0.44018328 0.47789985 0.6069506 0.34849164 0.7170507 0.6190522 0.71557754 
capture_face_746_0.858950.jpg 0.9990314245223999 0.41195703 0.4520613 0.73244643 0.38612235 0.6798938 0.58016366 0.48696923 0.7326618 0.77767694 0.6743331 
capture_face_206_0.528948.jpg 0.992685079574585 0.40778315 0.47801015 0.7060323 0.4232722 0.61635023 0.63960916 0.49228254 0.7837783 0.7230253 0.74302626 
capture_face_151_0.896096.jpg 0.9989680051803589 0.41682118 0.39063606 0.720078 0.42725408 0.5871957 0.54305667 0.39631972 0.6715501 0.65111053 0.7025998 
capture_face_515_0.565985.jpg 0.9996084570884705 0.34674475 0.43985656 0.6454365 0.4015764 0.52145994 0.5331866 0.42691582 0.71292233 0.68953574 0.6791408 
capture_face_901_1.084884.jpg 0.999337375164032 0.3549731 0.36539674 0.6697378 0.3905753 0.4918315 0.55972433 0.360303 0.68674576 0.6157702 0.70698607 
capture_face_117_1.034817.jpg 0.9840272665023804 0.44300884 0.41826862 0.7210455 0.42984873 0.58970714 0.63793033 0.40967396 0.7414988 0.6180867 0.7521109 
capture_face_102_0.865462.jpg 0.9640679955482483 0.47319865 0.4353339 0.7345897 0.47462207 0.6418373 0.6240831 0.44413874 0.6956129 0.65030515 0.73050207 
capture_face_143_0.505282.jpg 0.999863862991333 0.29641685 0.46835482 0.622705 0.41273296 0.4584244 0.6031542 0.39690086 0.75352466 0.651327 0.705641 
capture_face_300_0.541357.jpg 0.9992658495903015 0.4040537 0.39978415 0.71519065 0.41719007 0.57604945 0.53053075 0.42234898 0.69142824 0.6751517 0.71343267 
capture_face_315_0.981691.jpg 0.9992196559906006 0.43017286 0.48935157 0.7093313 0.45990533 0.6199822 0.62483853 0.46442935 0.70701206 0.702695 0.67948306 
capture_face_91_0.552218.jpg 0.9991100430488586 0.37133375 0.44645464 0.6701882 0.40569443 0.5634111 0.56380665 0.43579906 0.69865394 0.7152039 0.66655385 
capture_face_882_1.034850.jpg 0.9994268417358398 0.3907561 0.42267993 0.705657 0.40251434 0.6118838 0.553393 0.4398839 0.7079739 0.7365725 0.68575335 
capture_face_735_1.007635.jpg 0.9990780353546143 0.3334266 0.4057662 0.670028 0.4192009 0.50992256 0.59414744 0.35486475 0.70512205 0.6289822 0.7118672 
capture_face_672_0.418752.jpg 0.9989780187606812 0.46064603 0.43139178 0.7671107 0.4024362 0.6680241 0.57936937 0.50030595 0.7144921 0.71335673 0.6912928 
capture_face_565_1.015247.jpg 0.9992356300354004 0.34018853 0.39289534 0.65878046 0.38945097 0.4900902 0.5533285 0.36718315 0.6772836 0.6312239 0.6776943 
capture_face_677_1.017220.jpg 0.9995573163032532 0.40619725 0.36464533 0.6920413 0.40065402 0.5543699 0.55134225 0.34442505 0.65927947 0.6340834 0.6919044 
capture_face_638_0.527074.jpg 0.9997648596763611 0.24820304 0.40416297 0.5693922 0.41756582 0.33809984 0.57262087 0.26101485 0.70698106 0.5148022 0.72050476 
capture_face_507_0.503287.jpg 0.9994114637374878 0.34743357 0.443978 0.61643815 0.42959386 0.4700479 0.5845812 0.36546072 0.70965874 0.60975087 0.7046008 
capture_face_840_0.932896.jpg 0.9941230416297913 0.4156468 0.43740737 0.709514 0.4853716 0.547504 0.61990476 0.319374 0.6706761 0.5991944 0.718763 
capture_face_620_0.469958.jpg 0.9996546506881714 0.34906727 0.4466017 0.6770568 0.43264806 0.5361858 0.5930778 0.3769266 0.72881114 0.64641726 0.71917605 
capture_face_80_0.735519.jpg 0.9992819428443909 0.48533088 0.42191255 0.78348374 0.39076424 0.71287906 0.5952163 0.48550907 0.7169155 0.7421336 0.70352536 
capture_face_945_0.723298.jpg 0.9878664016723633 0.53857684 0.5228454 0.80285716 0.45632696 0.74818796 0.7156057 0.44462174 0.78996 0.62579453 0.75888115 
capture_face_21_0.957139.jpg 0.9995296001434326 0.39930558 0.41329736 0.72505176 0.43662828 0.56017566 0.60893714 0.3586935 0.67574966 0.6448102 0.697763 
capture_face_596_1.016316.jpg 0.9989042282104492 0.4309607 0.4387104 0.6886275 0.47992903 0.56711006 0.63215774 0.351661 0.6788507 0.5817604 0.71496123 
capture_face_765_0.724401.jpg 0.9972834587097168 0.21412507 0.37728554 0.48448738 0.3911175 0.26885605 0.56958133 0.31326893 0.7210992 0.5321528 0.72133756 
capture_face_188_0.464997.jpg 0.9998661279678345 0.3483241 0.38676012 0.6893296 0.40097862 0.50613755 0.5808479 0.35257587 0.7026013 0.6319512 0.7143557 
capture_face_653_0.995526.jpg 0.9998315572738647 0.33549806 0.4518222 0.6785023 0.45563966 0.49265334 0.6095111 0.31792334 0.70872486 0.66823053 0.70688474 
capture_face_981_0.916525.jpg 0.9996367692947388 0.4295907 0.42247134 0.7411835 0.46081895 0.621159 0.5894813 0.39258254 0.67730546 0.66009486 0.7116134 
capture_face_442_0.535823.jpg 0.9998200535774231 0.26815277 0.4038725 0.56545424 0.3942147 0.37100095 0.53405404 0.27458033 0.69189227 0.5548756 0.6836134 
capture_face_472_1.024328.jpg 0.999371349811554 0.45199925 0.40326113 0.7348323 0.41707927 0.64374554 0.56460226 0.46817076 0.6877747 0.69509006 0.696281 
capture_face_957_0.541918.jpg 0.9997072815895081 0.35644293 0.43501008 0.7011939 0.38999718 0.5737958 0.59051234 0.47044757 0.7536043 0.72731733 0.7150241 
capture_face_912_0.783394.jpg 0.9786060452461243 0.33697316 0.4764287 0.68981194 0.50176036 0.47508496 0.7294301 0.34605375 0.7555582 0.5888751 0.778341 
capture_face_941_0.910518.jpg 0.996016800403595 0.40613312 0.3794711 0.70041835 0.3592229 0.59159017 0.568821 0.40991196 0.6809481 0.68424606 0.6635109 
capture_face_938_1.002592.jpg 0.8602657318115234 0.37769946 0.37018985 0.68031406 0.3675558 0.5300725 0.5231767 0.3753567 0.6741554 0.6246629 0.6786089 
capture_face_231_0.517268.jpg 0.9765034317970276 0.3604021 0.50718606 0.6114875 0.430359 0.61290115 0.6087601 0.55497175 0.7616141 0.7426176 0.68921804 
capture_face_100_0.468947.jpg 0.9997124075889587 0.30757886 0.4749402 0.67083645 0.4540401 0.45203972 0.6327383 0.39207238 0.7746534 0.6452507 0.7592549 
capture_face_308_0.894973.jpg 0.9996699094772339 0.28831652 0.43618134 0.5744159 0.38771886 0.44068515 0.59301966 0.37620074 0.7165322 0.6162156 0.6819124 
capture_face_457_1.122979.jpg 0.9983989596366882 0.4451231 0.45736885 0.72538185 0.46427655 0.5961831 0.6117361 0.40540886 0.695818 0.6532774 0.70722324 
capture_face_882_0.499496.jpg 0.9988332390785217 0.18139622 0.42736495 0.45008758 0.43701547 0.1979841 0.5899489 0.19608976 0.7241826 0.38067994 0.73507476 
capture_face_620_0.506409.jpg 0.9989827275276184 0.389242 0.47716597 0.6983088 0.46622396 0.5535512 0.6294748 0.40546384 0.75132084 0.65648067 0.747162 
capture_face_974_0.468487.jpg 0.9998362064361572 0.2667978 0.41591734 0.6220753 0.389598 0.40605167 0.53309983 0.31126156 0.7138948 0.61052644 0.69655323 
capture_face_888_0.929928.jpg 0.8985176086425781 0.43162394 0.44626784 0.77864397 0.43437523 0.6624333 0.62387604 0.5001629 0.77968144 0.75734353 0.7749438 
capture_face_933_0.953979.jpg 0.9974815249443054 0.45952678 0.43440688 0.7625762 0.428432 0.7179899 0.5621532 0.5184415 0.7055664 0.76731086 0.6963766 
capture_face_859_0.970571.jpg 0.9996695518493652 0.36799192 0.43611598 0.6957643 0.45916897 0.5359821 0.60921454 0.341665 0.67426896 0.6275302 0.69686174 
capture_face_759_0.536409.jpg 0.9993478655815125 0.3923852 0.45635986 0.71635437 0.41722196 0.62825936 0.6089295 0.48348337 0.7315506 0.7434592 0.6962773 
capture_face_102_0.832379.jpg 0.9970828890800476 0.43576 0.44731665 0.7431885 0.44789177 0.61538756 0.63282424 0.42808592 0.72550976 0.6814141 0.73161197 
capture_face_838_1.038448.jpg 0.9992328882217407 0.45754808 0.44588244 0.7518158 0.42139512 0.67218065 0.58486474 0.5079431 0.7335167 0.73582757 0.7185384 
capture_face_924_0.951662.jpg 0.9992570281028748 0.44616726 0.42032194 0.75658107 0.4116096 0.6475719 0.5862672 0.45791483 0.72525907 0.72465825 0.7227522 
capture_face_674_1.002273.jpg 0.9997805953025818 0.35188463 0.40046427 0.67731893 0.40735245 0.5145863 0.5733598 0.36773327 0.7067938 0.6183646 0.71262205 
capture_face_524_0.506409.jpg 0.9994741082191467 0.36763656 0.49461812 0.69816816 0.4926613 0.5369642 0.6576691 0.39100075 0.76471215 0.64413345 0.7573308 
capture_face_161_0.883486.jpg 0.99980229139328 0.43230692 0.42965075 0.7403474 0.41176093 0.6286284 0.58431894 0.45171025 0.71506214 0.7106657 0.7030699 
capture_face_53_0.467626.jpg 0.9995385408401489 0.3072886 0.363442 0.660689 0.32643563 0.50371087 0.48131567 0.3885 0.71384907 0.683287 0.6874206 
capture_face_368_0.979262.jpg 0.998722493648529 0.44797933 0.46717972 0.7217245 0.4914335 0.6103233 0.66113096 0.38539997 0.728419 0.60066926 0.74659586 
capture_face_88_1.020774.jpg 0.9997702240943909 0.3828923 0.4065204 0.6942837 0.441374 0.5372012 0.56561387 0.3664817 0.6988645 0.62672555 0.72456443 
capture_face_520_0.545876.jpg 0.9986914992332458 0.39635855 0.3837179 0.70583045 0.3808074 0.5690824 0.5047642 0.41106975 0.66251147 0.70553493 0.65559226 
capture_face_783_0.985975.jpg 0.9988056421279907 0.43120974 0.37838113 0.7332053 0.37649816 0.6464239 0.51874596 0.48223945 0.69264233 0.7258785 0.6892584 
capture_face_974_0.939885.jpg 0.9997393488883972 0.26702935 0.3960019 0.6039618 0.3648401 0.431553 0.5472198 0.33565497 0.6842042 0.63742065 0.65836036 
capture_face_63_0.717813.jpg 0.9993895292282104 0.5297244 0.42023033 0.79995537 0.4393934 0.714391 0.66776365 0.4330611 0.72801894 0.61853945 0.7546103 
capture_face_699_0.963989.jpg 0.9982636570930481 0.4115819 0.41927662 0.7129508 0.45329744 0.5954918 0.59580284 0.42289144 0.70527714 0.65715337 0.72365797 
capture_face_983_0.726638.jpg 0.9992695450782776 0.47518986 0.38154775 0.77188253 0.3526426 0.7969862 0.46882212 0.61485565 0.6730479 0.8494568 0.64727855 
capture_face_80_0.950255.jpg 0.9973581433296204 0.46472645 0.40128303 0.76988864 0.36892986 0.72212386 0.5505562 0.46907812 0.6559556 0.7649307 0.6348901 
capture_face_329_0.562350.jpg 0.9996634721755981 0.29454756 0.4066561 0.62996817 0.36825466 0.46893388 0.5268814 0.34830084 0.6958111 0.6526389 0.66914093 
capture_face_761_0.942598.jpg 0.9997758269309998 0.40582615 0.4104096 0.70707595 0.43205845 0.56209934 0.62187 0.3764486 0.7057537 0.62207925 0.7248389 
capture_face_789_0.961157.jpg 0.9996352195739746 0.30410662 0.43633682 0.62322855 0.42391264 0.4415152 0.60081774 0.35956863 0.6940946 0.65356207 0.6823204 
capture_face_565_0.984951.jpg 0.9971919655799866 0.3519074 0.4213211 0.64562464 0.38945216 0.5060054 0.57196426 0.39020833 0.6928202 0.6519152 0.6625404 
capture_face_43_0.925773.jpg 0.998872697353363 0.4374019 0.440192 0.74801743 0.41816968 0.6637057 0.55646944 0.5010029 0.71877635 0.7467679 0.69844484 
capture_face_520_1.072383.jpg 0.9995852112770081 0.41053262 0.4298773 0.7076297 0.43168777 0.57715034 0.5858554 0.4007871 0.6859861 0.6846627 0.6842369 
capture_face_221_1.098849.jpg 0.9866963028907776 0.53573096 0.47246444 0.7443024 0.5275827 0.6444482 0.6739824 0.4468847 0.740134 0.5711417 0.78220105 
capture_face_800_0.506447.jpg 0.9855697751045227 0.44793743 0.43895334 0.74138474 0.40585077 0.6598269 0.55069065 0.49678737 0.6831324 0.73180485 0.6598077 
capture_face_235_0.821341.jpg 0.9992103576660156 0.43267095 0.38730145 0.74567354 0.3748194 0.6628568 0.51656127 0.48088115 0.70257485 0.7424022 0.6899998 
capture_face_249_0.516434.jpg 0.9979783892631531 0.29268676 0.4377496 0.63697135 0.42603254 0.45945856 0.65623915 0.3799028 0.75054 0.67132854 0.73858064 
capture_face_198_0.991742.jpg 0.9948779344558716 0.46883136 0.4150471 0.73906624 0.42790312 0.62089247 0.61196893 0.4023306 0.71251476 0.6296755 0.7336117 
capture_face_647_1.074643.jpg 0.9982872605323792 0.45981422 0.4330101 0.73136485 0.45947266 0.62906253 0.6111583 0.4247398 0.7189895 0.6379427 0.74143827 
capture_face_391_0.503426.jpg 0.9995915293693542 0.346717 0.4531232 0.65141845 0.45316327 0.49257666 0.6445606 0.370456 0.7175106 0.63463235 0.71097857 
capture_face_834_0.943244.jpg 0.7142955660820007 0.4228942 0.40722424 0.7400185 0.38708872 0.65061605 0.57613534 0.4727542 0.7054166 0.69572425 0.69271296 
capture_face_596_0.958766.jpg 0.9993103742599487 0.37433314 0.47090366 0.67649066 0.48420238 0.5302473 0.6508219 0.34780166 0.72378236 0.6140301 0.7424904 
capture_face_198_0.902129.jpg 0.9995490908622742 0.3816232 0.37469935 0.6983688 0.3854373 0.55631423 0.59740674 0.37892175 0.7071054 0.6401712 0.71459806 
capture_face_475_0.771489.jpg 0.9885870814323425 0.55974096 0.46209377 0.7741847 0.41971368 0.8513098 0.5753259 0.6194496 0.7366002 0.79968 0.70517194 
capture_face_569_0.523585.jpg 0.9994964599609375 0.2947534 0.35095626 0.59490395 0.3396688 0.43109748 0.51830816 0.332494 0.6696269 0.5868255 0.6636578 
capture_face_53_0.947368.jpg 0.9994434714317322 0.41428527 0.41400996 0.7216399 0.4069422 0.59627354 0.57943547 0.43644205 0.6905127 0.7043514 0.6847948 
capture_face_173_0.536493.jpg 0.9994469285011292 0.30706656 0.44394538 0.6053214 0.39494854 0.48709553 0.5892417 0.40472844 0.71427363 0.6586976 0.66716564 
capture_face_649_1.019933.jpg 0.999816358089447 0.3654746 0.42680818 0.66355205 0.4213572 0.5222819 0.5990341 0.36621818 0.68928134 0.65518403 0.6847607 
capture_face_875_0.900316.jpg 0.9996386766433716 0.29100695 0.44726813 0.60879767 0.44571573 0.43135035 0.6280131 0.3615314 0.6848312 0.6429001 0.67570966 
capture_face_210_1.008054.jpg 0.9998815059661865 0.33816975 0.3919196 0.6914743 0.39764053 0.514773 0.57430965 0.36010453 0.67654157 0.660288 0.6735935 
capture_face_83_0.506834.jpg 0.9990125894546509 0.35379845 0.416804 0.6382128 0.42328805 0.45423996 0.52843356 0.32482088 0.6608627 0.5845796 0.6672948 
capture_face_391_0.811746.jpg 0.9973759651184082 0.52301025 0.49188238 0.79248846 0.4742118 0.7113936 0.71422434 0.44745508 0.7733443 0.6212822 0.759904 
capture_face_228_1.124321.jpg 0.9997368454933167 0.3849761 0.39230108 0.708967 0.42089683 0.550057 0.53966236 0.38625893 0.688022 0.63555694 0.7099818 
capture_face_419_0.568586.jpg 0.9993834495544434 0.33044872 0.4497822 0.6667876 0.4256763 0.51466846 0.59583247 0.38584882 0.72898924 0.6770325 0.7027881 
capture_face_178_1.026911.jpg 0.9997981190681458 0.44520417 0.40559042 0.7569411 0.4213814 0.6675253 0.5608417 0.4398242 0.7089491 0.7106688 0.7272972 
capture_face_472_0.500060.jpg 0.9998847246170044 0.3139571 0.41951436 0.70650387 0.39442587 0.523829 0.5606164 0.391772 0.75668764 0.6846336 0.7370133 
capture_face_266_0.771609.jpg 0.9994818568229675 0.5526112 0.42433733 0.81122124 0.38550794 0.82626855 0.5603339 0.61545914 0.7376467 0.8087518 0.70847577 
capture_face_569_1.001862.jpg 0.9993778467178345 0.38574654 0.40960047 0.69096756 0.36432827 0.60949135 0.5308112 0.46065173 0.6853144 0.7488884 0.6370939 
capture_face_412_1.008446.jpg 0.9997348189353943 0.38211626 0.48620957 0.6942308 0.49824077 0.5463683 0.6896999 0.38746592 0.73788095 0.63288844 0.75167656 
capture_face_674_0.992580.jpg 0.999731719493866 0.3616259 0.39857453 0.68741333 0.41112173 0.5311405 0.57099706 0.36958227 0.70387757 0.6316911 0.7149255 
capture_face_274_0.495341.jpg 0.9976536631584167 0.33041883 0.44159645 0.6468396 0.4347378 0.4763636 0.60309994 0.344881 0.71108276 0.63654554 0.69443756 
capture_face_785_0.973290.jpg 0.9994932413101196 0.38313654 0.4310221 0.69541013 0.38783818 0.6036339 0.5925789 0.4579299 0.70891386 0.71119785 0.6767648 
capture_face_931_1.040223.jpg 0.9997186064720154 0.43474454 0.43944988 0.75010467 0.42001933 0.6516348 0.56869435 0.4758814 0.7274436 0.7437128 0.71138436 
capture_face_653_1.062734.jpg 0.9998675584793091 0.34796143 0.45661724 0.6900294 0.44513732 0.54474705 0.6077371 0.3142958 0.7005483 0.72578835 0.69121045 
capture_face_69_0.497077.jpg 0.9994112253189087 0.47578633 0.47369254 0.7861723 0.4129231 0.7163284 0.5813077 0.5926978 0.73876536 0.8133023 0.6976061 
capture_face_914_0.931948.jpg 0.9961632490158081 0.4531857 0.41851258 0.74637115 0.3955084 0.68853384 0.59029883 0.46217114 0.706722 0.72012746 0.6865928 
capture_face_715_0.988850.jpg 0.9997358918190002 0.33649552 0.39732432 0.6667452 0.4141029 0.48749158 0.5645642 0.3596332 0.6888853 0.6224029 0.70239806 
capture_face_100_0.543005.jpg 0.9997748732566833 0.33078566 0.46523878 0.66075826 0.42148197 0.51590025 0.6097167 0.42184094 0.74901056 0.69105244 0.7110952 
capture_face_329_0.887561.jpg 0.9987943172454834 0.5590104 0.42176217 0.79343224 0.43624097 0.72913694 0.5914472 0.50406814 0.6885135 0.71247876 0.71721864 
capture_face_884_1.061807.jpg 0.998532772064209 0.51767266 0.45853937 0.7803832 0.4050954 0.73682654 0.5998132 0.54041535 0.7585125 0.7321557 0.7252359 
capture_face_888_0.857179.jpg 0.9401075839996338 0.3756299 0.45586964 0.74372876 0.43623936 0.5828187 0.6524845 0.44714227 0.7713139 0.7171767 0.74642557 
capture_face_224_0.515818.jpg 0.9958771467208862 0.45550808 0.47031742 0.70265687 0.51012844 0.5839997 0.6983082 0.36997595 0.7177792 0.60154176 0.7573104 
capture_face_892_0.476444.jpg 0.9998612403869629 0.32080883 0.3897143 0.70560586 0.37770462 0.5408958 0.5259704 0.3701116 0.6923895 0.71734536 0.682336 
capture_face_582_1.036852.jpg 0.9991115927696228 0.38183922 0.38869992 0.67718244 0.3831218 0.5506906 0.55484605 0.38473064 0.66902256 0.6785294 0.6565146 
capture_face_221_0.915812.jpg 0.9996393918991089 0.27156186 0.43003494 0.6290852 0.44883043 0.4015015 0.60321885 0.28415507 0.69581294 0.5784583 0.7159508 
capture_face_492_1.042698.jpg 0.9147241711616516 0.439389 0.48207796 0.7205237 0.47728014 0.60277224 0.6785213 0.4119874 0.75968087 0.6188197 0.7595519 
capture_face_401_0.513255.jpg 0.999944806098938 0.31645158 0.42738235 0.67033625 0.39031452 0.50739586 0.5461208 0.37157634 0.7279297 0.67728674 0.69547427 
capture_face_457_0.859120.jpg 0.9998273253440857 0.29037604 0.46921766 0.6194391 0.4732285 0.44014066 0.66873324 0.35992354 0.7368781 0.62979186 0.73805493 
capture_face_536_0.829079.jpg 0.9994958639144897 0.23766333 0.47269306 0.47228637 0.46238154 0.30747455 0.6360677 0.35717395 0.7494864 0.52277505 0.7310771 
capture_face_15_0.934821.jpg 0.9915822148323059 0.3152671 0.44014254 0.6523007 0.44179332 0.47625646 0.56547856 0.3383705 0.7100116 0.63645697 0.7108804 
capture_face_545_0.797349.jpg 0.9996358156204224 0.19317019 0.37801778 0.49338558 0.42751473 0.24669494 0.5754434 0.20787433 0.7031365 0.4526969 0.74381447 
capture_face_88_0.920721.jpg 0.9997842907905579 0.34855032 0.43752638 0.67945266 0.451621 0.50970155 0.6170326 0.38650385 0.7444024 0.6357398 0.7497349 
capture_face_401_0.492641.jpg 0.9999148845672607 0.3058514 0.42575383 0.6928582 0.40127653 0.498515 0.56986904 0.33557 0.727571 0.6667212 0.7083143 
capture_face_709_1.007238.jpg 0.9998183846473694 0.3246066 0.42365164 0.67380273 0.38589227 0.5278308 0.57298166 0.3918409 0.7050929 0.67167664 0.67136455 
capture_face_15_0.973603.jpg 0.9966050386428833 0.34128582 0.45742488 0.66782975 0.44894534 0.5149276 0.5752484 0.38834986 0.72729486 0.6706115 0.71911955 
capture_face_916_1.015003.jpg 0.9998400211334229 0.39081323 0.42294675 0.71723926 0.40066445 0.623708 0.530333 0.47253355 0.69536394 0.7399601 0.6732904 
capture_face_789_0.977910.jpg 0.999790608882904 0.33815584 0.43753356 0.67293227 0.42588103 0.5064879 0.6164198 0.38009974 0.7017839 0.69055355 0.68940806 
capture_face_102_0.824008.jpg 0.9977532029151917 0.50544167 0.43519348 0.79194725 0.45563048 0.6975337 0.6316057 0.47668028 0.73205775 0.69335926 0.7545253 
capture_face_691_1.057412.jpg 0.9994518160820007 0.3936112 0.46101797 0.70120084 0.43298024 0.60210764 0.5888776 0.44665787 0.72015494 0.7222377 0.6942905 
capture_face_46_0.970397.jpg 0.9925732612609863 0.43183044 0.5052494 0.75723195 0.46468323 0.6299 0.6333961 0.48458523 0.72817725 0.7192408 0.70132065 
capture_face_924_0.832775.jpg 0.9989880919456482 0.55582607 0.4274428 0.80702174 0.37484998 0.7961335 0.5741949 0.6082075 0.7319536 0.78452325 0.69678843 
capture_face_880_0.906536.jpg 0.9514827728271484 0.49335232 0.40975106 0.7937795 0.3989311 0.777068 0.5774918 0.5186585 0.7542299 0.76446974 0.75383985 
capture_face_524_0.937537.jpg 0.9986316561698914 0.40195006 0.44855785 0.69819677 0.4202361 0.60926336 0.603638 0.45774665 0.70885956 0.6923307 0.6887711 
capture_face_931_0.965381.jpg 0.9995102882385254 0.35584795 0.4139561 0.697433 0.39493883 0.5542578 0.46100715 0.39464277 0.678069 0.7016518 0.66736776 
capture_face_914_0.907021.jpg 0.9995446801185608 0.377928 0.44312924 0.6899308 0.40254176 0.592785 0.6135716 0.43601692 0.71080303 0.7297485 0.675683 
capture_face_737_0.957297.jpg 0.9984613656997681 0.3645692 0.4142806 0.6849216 0.47620296 0.47761494 0.5811073 0.28267825 0.6585685 0.58921766 0.715527 
capture_face_173_0.507507.jpg 0.999683141708374 0.34437466 0.41754758 0.6603174 0.39132237 0.52653784 0.5701678 0.4065825 0.70624566 0.65526915 0.68586904 
capture_face_856_1.058329.jpg 0.999093770980835 0.32151794 0.4408939 0.655323 0.460671 0.47294918 0.6195048 0.3526033 0.6924986 0.6070955 0.7050835 
capture_face_971_1.093460.jpg 0.9996263980865479 0.3955315 0.4252038 0.6942904 0.38779438 0.58350426 0.55635154 0.41068566 0.68238 0.6958991 0.648826 
capture_face_401_1.064378.jpg 0.9989380240440369 0.46006718 0.43828544 0.738788 0.4219764 0.6297202 0.5998288 0.4500544 0.68260145 0.6958163 0.6738854 
capture_face_264_0.549689.jpg 0.9985203146934509 0.21323031 0.58896387 0.48265424 0.48382849 0.4034273 0.70773286 0.4111223 0.8255876 0.61918104 0.73585355 
capture_face_189_0.847724.jpg 0.9962965846061707 0.4659342 0.5599463 0.73308027 0.53260523 0.63862956 0.7246011 0.47128263 0.7664032 0.67676353 0.7462945 
capture_face_419_0.934906.jpg 0.9991459846496582 0.35141525 0.45072246 0.66004336 0.38422608 0.55377454 0.57615215 0.45205924 0.7230653 0.72594225 0.6672937 
capture_face_235_0.513338.jpg 0.9991911053657532 0.3718009 0.3995927 0.69458914 0.40271962 0.5278503 0.5641303 0.37937215 0.6752589 0.6608869 0.68525505 
capture_face_292_0.793597.jpg 0.9997468590736389 0.2244637 0.4213155 0.49475285 0.398125 0.30776674 0.60728055 0.35858372 0.727622 0.53944147 0.7081743 
capture_face_892_0.870804.jpg 0.9984503984451294 0.51769525 0.43244496 0.79129934 0.4333967 0.7388366 0.5912295 0.5102911 0.71367174 0.74514663 0.7250678 
capture_face_253_0.945379.jpg 0.9757172465324402 0.3221005 0.4623223 0.6430901 0.46143425 0.4956019 0.6416896 0.3642071 0.7106209 0.63713145 0.70800155 
capture_face_874_0.959220.jpg 0.9985309839248657 0.34875003 0.38516578 0.6812233 0.4236732 0.49412742 0.6072389 0.3345845 0.6947826 0.6009948 0.72817844 
capture_face_843_0.871004.jpg 0.999194324016571 0.54229486 0.4348455 0.78689206 0.4373905 0.76666653 0.58635944 0.51126724 0.6913979 0.7110946 0.7089795 
capture_face_472_0.936658.jpg 0.9995967745780945 0.2894365 0.44103637 0.64688635 0.43135017 0.45416945 0.6081373 0.35580707 0.7236342 0.6457844 0.71218765 
capture_face_916_0.475039.jpg 0.9996138215065002 0.35270047 0.33672512 0.689054 0.31499833 0.5541415 0.47223562 0.39159247 0.6795411 0.67809796 0.65869504 
capture_face_401_0.508057.jpg 0.9999246597290039 0.32322034 0.42486984 0.6839229 0.39082545 0.51221526 0.5629462 0.3781648 0.7229233 0.6807848 0.69875675 
capture_face_32_0.525951.jpg 0.9998952150344849 0.26933068 0.4627565 0.6021942 0.45569384 0.4044317 0.6370232 0.32478467 0.7502687 0.5756196 0.7429326 
capture_face_507_0.504670.jpg 0.9959359169006348 0.39034134 0.390209 0.6941564 0.4050361 0.5445948 0.50371087 0.3685731 0.6663918 0.65354896 0.6777777 
capture_face_689_0.493426.jpg 0.9981901049613953 0.32665393 0.4985338 0.6395875 0.41079384 0.5475243 0.58460516 0.51115495 0.7636241 0.73817766 0.67898476 
capture_face_108_1.074888.jpg 0.9387681484222412 0.4238764 0.53229177 0.64980507 0.58491486 0.5102267 0.742836 0.3437448 0.75424933 0.49946442 0.7896279 
capture_face_723_0.519490.jpg 0.9970917701721191 0.309254 0.4386577 0.6027342 0.41991657 0.40210932 0.5597656 0.32150677 0.6960422 0.56082547 0.6761774 
capture_face_214_0.508586.jpg 0.9992058873176575 0.27772796 0.47432208 0.61583817 0.4362737 0.4442848 0.6647451 0.365466 0.7790104 0.6127075 0.7458837 
capture_face_817_1.034669.jpg 0.999625563621521 0.35105455 0.42122474 0.6741468 0.39488918 0.5354951 0.5564488 0.38532025 0.67652375 0.69466484 0.65610236 
capture_face_531_1.028223.jpg 0.9996123909950256 0.45845902 0.3916159 0.7589711 0.42003578 0.64747924 0.56010306 0.44445646 0.6967566 0.6778424 0.71860605 
capture_face_697_0.933073.jpg 0.991316556930542 0.2652622 0.4340123 0.61550486 0.4306532 0.42225736 0.64459646 0.3141474 0.77723885 0.5481862 0.77216506 
capture_face_838_0.553354.jpg 0.9901962280273438 0.45632392 0.42937654 0.7103431 0.40351218 0.641598 0.5484307 0.5248207 0.71643776 0.71380305 0.70119053 
capture_face_699_0.943529.jpg 0.998375415802002 0.45730406 0.3901842 0.76312196 0.421363 0.67795724 0.5651287 0.4571356 0.69536257 0.693074 0.7158202 
capture_face_672_0.715626.jpg 0.9979704022407532 0.2445994 0.4539633 0.5018673 0.4428969 0.28413904 0.59488904 0.29357037 0.73612064 0.47550705 0.7328851 
capture_face_157_0.498595.jpg 0.9997938275337219 0.2698587 0.46471578 0.6290724 0.46418816 0.43327492 0.64271903 0.31309298 0.76447713 0.5945747 0.7572764 
capture_face_50_0.959250.jpg 0.999835729598999 0.33720127 0.47009453 0.6711707 0.4501288 0.5370192 0.594224 0.39615405 0.71952426 0.6611099 0.7003386 
capture_face_268_0.500375.jpg 0.9994865655899048 0.3101054 0.4324073 0.6238884 0.40987593 0.45003945 0.6043325 0.36393172 0.71342444 0.6121634 0.6993234 
capture_face_125_0.937234.jpg 0.9663181900978088 0.4835143 0.4449293 0.7368742 0.43253434 0.66670257 0.6442891 0.47315946 0.7421179 0.6516278 0.7333041 
capture_face_625_0.937645.jpg 0.8643072843551636 0.4657524 0.36631402 0.76576793 0.3590753 0.6861161 0.5481903 0.42731804 0.6935661 0.6794299 0.69423395 
capture_face_337_0.775372.jpg 0.9584494233131409 0.2562864 0.47855926 0.51907945 0.4364934 0.40600276 0.65714407 0.40645653 0.74271715 0.62528276 0.6955163 
capture_face_216_1.060157.jpg 0.9996316432952881 0.40400335 0.41003215 0.72984993 0.4392088 0.5645785 0.56921136 0.403487 0.6764497 0.65871763 0.69484216 
capture_face_798_0.532255.jpg 0.9998846054077148 0.2986845 0.42531168 0.63696456 0.42574507 0.43515217 0.61463743 0.3317556 0.71510786 0.6103561 0.7141818 
capture_face_576_1.099549.jpg 0.9997009038925171 0.40117344 0.3838581 0.71223116 0.39853346 0.5613823 0.56201273 0.3904383 0.6848513 0.66564524 0.69168794 
capture_face_870_0.940526.jpg 0.9965051412582397 0.4264201 0.41937292 0.7244719 0.40679443 0.67796695 0.5326649 0.46295893 0.68414104 0.71887577 0.6729205 
capture_face_266_0.769296.jpg 0.9992305040359497 0.6201231 0.4451657 0.80816925 0.40932798 0.8725069 0.5891867 0.6405362 0.7423105 0.7838849 0.7158679 
capture_face_602_0.899278.jpg 0.9982580542564392 0.4469108 0.41129613 0.7538444 0.40612668 0.69339824 0.575762 0.4992831 0.720018 0.74797666 0.7073498 
capture_face_329_0.934261.jpg 0.9991770386695862 0.39563817 0.3909753 0.69179666 0.37099797 0.6071329 0.5146009 0.4272686 0.66243935 0.7306986 0.64368534 
capture_face_74_0.511522.jpg 0.9828799366950989 0.23327267 0.52971244 0.48032066 0.5266897 0.34066665 0.735672 0.35944006 0.85393107 0.50746715 0.85142994 
capture_face_611_0.954881.jpg 0.9979071617126465 0.33713323 0.41506875 0.6601299 0.44115704 0.4793883 0.60588765 0.33822033 0.68858063 0.6048168 0.71686757 
capture_face_482_0.496089.jpg 0.9441893696784973 0.5269637 0.49986613 0.8447759 0.48616016 0.77335036 0.7082302 0.58437383 0.8111286 0.77666986 0.8047399 
capture_face_660_0.992303.jpg 0.9992947578430176 0.38007092 0.40693423 0.69080794 0.39234555 0.5878523 0.5295038 0.45700136 0.704952 0.70365345 0.69138557 
capture_face_875_0.980620.jpg 0.9997735619544983 0.31615883 0.42616242 0.6410948 0.41406143 0.48503798 0.6178315 0.35373005 0.6599145 0.6615008 0.648198 
capture_face_315_0.946126.jpg 0.012185021303594112 0.42152327 0.56590706 0.6923218 0.5474721 0.59605384 0.6990302 0.46125567 0.76139593 0.68832433 0.7563857 
capture_face_933_0.507271.jpg 0.9989966750144958 0.4877882 0.4248467 0.81322527 0.40541017 0.75080955 0.5669041 0.5667243 0.7202057 0.81943786 0.7046297 
capture_face_32_0.514634.jpg 0.996978759765625 0.2862842 0.4667036 0.5557829 0.420116 0.41448295 0.6116536 0.40145048 0.7265841 0.5870937 0.6844058 
capture_face_143_0.854417.jpg 0.9997953772544861 0.46926177 0.42161894 0.77380335 0.42874014 0.6826653 0.59188724 0.466953 0.69597214 0.7084346 0.7053447 
capture_face_375_0.917454.jpg 0.998773992061615 0.27467528 0.49329677 0.5746492 0.3963114 0.48613748 0.56658363 0.41747904 0.7335498 0.6964562 0.6484954 
capture_face_531_0.535040.jpg 0.9995168447494507 0.38951945 0.34330618 0.7259797 0.31495118 0.60154355 0.49526483 0.44512385 0.6627039 0.72180843 0.6381016 
capture_face_300_0.498527.jpg 0.9996562004089355 0.39611274 0.3073221 0.73238707 0.3392827 0.57824147 0.45467114 0.40597925 0.63457817 0.6876011 0.66578823 
capture_face_176_0.472411.jpg 0.9996664524078369 0.18545681 0.4274664 0.4608954 0.428662 0.24083327 0.5893442 0.24105194 0.7127025 0.4457496 0.7124405 
capture_face_901_0.530096.jpg 0.9997667670249939 0.34623256 0.45865524 0.69050944 0.43988472 0.5107312 0.59720564 0.38114008 0.7422216 0.64030695 0.7304857 
capture_face_638_0.520290.jpg 0.9997584223747253 0.22729102 0.39435536 0.5620218 0.4083951 0.31968164 0.5756196 0.21832553 0.7205539 0.5227101 0.7322001 
capture_face_620_0.886353.jpg 0.9991301894187927 0.44951302 0.4666468 0.771873 0.44278198 0.70302373 0.62168545 0.4713084 0.7275021 0.75916994 0.7093541 
capture_face_759_0.905950.jpg 0.9997524619102478 0.35593784 0.4384399 0.67318237 0.41221267 0.5464256 0.5935466 0.4274296 0.72193396 0.69664776 0.70270133 
capture_face_694_0.968409.jpg 0.999691367149353 0.27690738 0.46084404 0.59666896 0.40589142 0.4506175 0.58070725 0.37923798 0.72465277 0.6732831 0.67783767 
capture_face_210_1.029588.jpg 0.9994163513183594 0.4342714 0.38817483 0.7310444 0.4231512 0.598031 0.57108593 0.41228515 0.676565 0.6491059 0.69899535 
capture_face_426_0.468439.jpg 0.9988595247268677 0.4366958 0.4183454 0.74252117 0.41977412 0.6267885 0.5793357 0.48364854 0.7154043 0.7181914 0.71483636 
capture_face_43_0.540129.jpg 0.9994811415672302 0.19063187 0.4072397 0.47960508 0.44783604 0.21352175 0.5504631 0.16191131 0.68951255 0.378216 0.72190046 
capture_face_625_1.010514.jpg 0.9968745708465576 0.38855097 0.3816489 0.70398355 0.36825794 0.5685917 0.554031 0.40917176 0.69126 0.66733336 0.68404484 
capture_face_735_0.949159.jpg 0.9997147917747498 0.30881497 0.42913505 0.6623403 0.41598374 0.49261773 0.5971034 0.35692802 0.7165317 0.6439184 0.7128914 
capture_face_553_0.935580.jpg 0.9985396862030029 0.45831856 0.48231167 0.74395716 0.5108892 0.61678064 0.6589519 0.4079978 0.7207706 0.6240182 0.74791175 
capture_face_669_1.014208.jpg 0.9996166229248047 0.36909103 0.4349896 0.7006997 0.4301144 0.57195735 0.60095197 0.41807485 0.71857667 0.6924225 0.71557134 
capture_face_91_0.501328.jpg 0.9998200535774231 0.3131438 0.46497425 0.62853944 0.44918764 0.4652627 0.60614 0.35263455 0.7163069 0.6223738 0.70649374 
capture_face_178_0.785048.jpg 0.9987679123878479 0.52979195 0.44997996 0.7777382 0.39388412 0.7654079 0.6058647 0.531783 0.7295196 0.7244278 0.7037879 
capture_face_957_0.978234.jpg 0.9971572160720825 0.3922515 0.42688262 0.67943513 0.37728447 0.6113616 0.5449296 0.48557875 0.682389 0.7399212 0.6373584 
capture_face_669_0.985048.jpg 0.9995470643043518 0.36661357 0.4444192 0.69419575 0.44039232 0.5760522 0.60428345 0.40650877 0.711486 0.6907971 0.70690453 
capture_face_310_0.501388.jpg 0.9223392605781555 0.39440116 0.41734207 0.6711384 0.42759925 0.57286805 0.5616776 0.46769878 0.69707036 0.6572838 0.68637836 
capture_face_822_0.928083.jpg 0.9995916485786438 0.40569335 0.41840073 0.73034346 0.41566932 0.60745716 0.5591171 0.44436997 0.6931109 0.72906613 0.6831274 
capture_face_444_0.525994.jpg 0.9998522996902466 0.31629685 0.4562803 0.6271479 0.4270566 0.47196633 0.5854688 0.3934891 0.74784535 0.6401988 0.72476155 
capture_face_76_0.517976.jpg 0.9990986585617065 0.40567404 0.4374586 0.73532355 0.41555285 0.58595955 0.60641915 0.4070921 0.70920867 0.68024266 0.69699854 
capture_face_870_0.966759.jpg 0.9989375472068787 0.45376986 0.45548624 0.7432003 0.44223994 0.68173265 0.5839742 0.4900508 0.71627015 0.7326149 0.71157885 
capture_face_796_0.504893.jpg 0.9966542720794678 0.36398238 0.40707657 0.67864895 0.34341913 0.58921826 0.5152891 0.44546273 0.69074845 0.7347499 0.64045584 
capture_face_231_0.540403.jpg 0.9993763566017151 0.19258058 0.5297383 0.51779854 0.45109993 0.35449338 0.66420203 0.33154196 0.7972449 0.59521055 0.72716004 
capture_face_862_0.976570.jpg 0.9994562268257141 0.3632788 0.41880062 0.7071146 0.4218573 0.5608944 0.5800574 0.388459 0.7037368 0.69017565 0.70116097 
capture_face_106_0.911521.jpg 0.9981924891471863 0.35387653 0.4021029 0.6525506 0.36059898 0.53543514 0.5596478 0.43419585 0.7094827 0.6872654 0.6765573 
capture_face_622_0.524028.jpg 0.9978911280632019 0.2854899 0.41451758 0.6263747 0.37466687 0.45125645 0.53483456 0.35115182 0.7111653 0.63245964 0.67984223 
capture_face_971_0.520553.jpg 0.9996645450592041 0.2510838 0.38619927 0.5753993 0.35018063 0.36136454 0.50313246 0.30566 0.7040471 0.5895259 0.6788014 
capture_face_785_0.967743.jpg 0.9995558857917786 0.35062212 0.4380505 0.6773019 0.37888545 0.59006107 0.5683635 0.44854003 0.7045918 0.7248882 0.6515614 
capture_face_602_0.495700.jpg 0.9975456595420837 0.48442554 0.40648055 0.78585935 0.3959787 0.68869936 0.58713424 0.50604254 0.72094357 0.7515855 0.7171299 
capture_face_603_0.472465.jpg 0.9980213642120361 0.5067098 0.35901904 0.83779037 0.3726521 0.70169103 0.58048695 0.4519114 0.6887196 0.73635864 0.70519215 
capture_face_188_0.506134.jpg 0.998271107673645 0.3882812 0.49878538 0.69435203 0.55104595 0.49651346 0.69509566 0.30522978 0.73899794 0.55929136 0.78206515 
capture_face_735_0.985449.jpg 0.986257016658783 0.46724254 0.47003204 0.7432623 0.39220113 0.71946096 0.59033424 0.5459326 0.73867416 0.75623214 0.686167 
capture_face_672_0.721324.jpg 0.9986566305160522 0.23512432 0.4101538 0.49954477 0.42475665 0.26502946 0.5975595 0.29978335 0.7268661 0.48897043 0.7390009 
capture_face_274_0.528892.jpg 0.9989404082298279 0.31497666 0.4648289 0.6169363 0.47959876 0.43582845 0.619267 0.34635165 0.7211145 0.5746533 0.73290414 
capture_face_239_0.945099.jpg 0.979171097278595 0.47879428 0.47887605 0.7633035 0.4700908 0.6479817 0.64729065 0.47297397 0.74317056 0.7178427 0.74127775 
capture_face_539_0.891596.jpg 0.9992145299911499 0.41553032 0.48079282 0.7305883 0.4627744 0.62203026 0.64743656 0.4499979 0.7337924 0.7048694 0.71247214 
capture_face_817_0.471034.jpg 0.9995821118354797 0.4256594 0.41828573 0.721645 0.38037568 0.6120862 0.5664341 0.4787101 0.68957156 0.72163916 0.65993 
capture_face_277_0.479735.jpg 0.9992581009864807 0.3453818 0.4155807 0.713392 0.45296007 0.51606107 0.64940345 0.34172472 0.7469986 0.64198244 0.7758585 
capture_face_98_0.938971.jpg 0.9997543692588806 0.40360573 0.38267252 0.71681297 0.41675264 0.5835409 0.57987386 0.3626335 0.6836468 0.64575803 0.7061679 
capture_face_567_0.956777.jpg 0.9990742206573486 0.3917472 0.43839914 0.7170638 0.44213057 0.6121779 0.5895048 0.44770044 0.7173377 0.70567966 0.71592736 
capture_face_723_0.518128.jpg 0.9975160360336304 0.4089632 0.39671737 0.71895504 0.3837127 0.5985527 0.5053458 0.43138713 0.67045444 0.69029844 0.66556954 
capture_face_239_0.505471.jpg 0.9978048205375671 0.3477222 0.4394279 0.70564806 0.4129402 0.5446394 0.6139435 0.3794625 0.7472611 0.69331 0.72457117 
capture_face_18_0.535368.jpg 0.999538779258728 0.3679084 0.40264553 0.68299365 0.37747258 0.52870095 0.5700386 0.42869762 0.7185949 0.69119453 0.6971239 
capture_face_830_0.513247.jpg 0.9983423948287964 0.2597152 0.38038233 0.53362435 0.4255954 0.29782343 0.5603967 0.27292523 0.68323165 0.4786485 0.7128711 
capture_face_206_0.855335.jpg 0.9980556964874268 0.4069165 0.5337019 0.7399255 0.48608357 0.6589453 0.7326065 0.5180426 0.83253074 0.75806105 0.7838014 
capture_face_298_0.818662.jpg 0.9970977306365967 0.6152614 0.43883282 0.8258636 0.4627347 0.8154687 0.59749776 0.55290586 0.70687884 0.71080446 0.7336066 
capture_face_277_0.951955.jpg 0.9557094573974609 0.54471403 0.49559933 0.7937008 0.47387028 0.71723807 0.66452795 0.5009756 0.75459963 0.6725048 0.74693704 
capture_face_164_0.517760.jpg 0.9996261596679688 0.43997058 0.4183889 0.76434374 0.393825 0.6468348 0.5604031 0.48419333 0.7117506 0.75536275 0.6944614 
capture_face_859_0.987066.jpg 0.9997546076774597 0.3595236 0.43072078 0.70481217 0.45757008 0.5404901 0.5907099 0.34553105 0.67219216 0.66146016 0.69367015 
capture_face_117_0.825450.jpg 0.998668909072876 0.41591483 0.43182456 0.70276403 0.4726609 0.55637825 0.66355085 0.37953085 0.71574044 0.608039 0.7460091 
capture_face_931_0.537732.jpg 0.9996047616004944 0.37188512 0.40890276 0.69241905 0.387016 0.55917823 0.52053344 0.39235818 0.69339705 0.697595 0.6716901 
capture_face_649_0.984318.jpg 0.9998934268951416 0.32373375 0.4463603 0.63672435 0.4309355 0.47228438 0.62245625 0.35012993 0.71489125 0.63982046 0.702933 
capture_face_740_0.985578.jpg 0.9997236132621765 0.41246343 0.434714 0.7298038 0.42883146 0.6250753 0.5681854 0.45013833 0.7219219 0.71073127 0.71885896 
capture_face_104_0.510406.jpg 0.9991457462310791 0.36498034 0.50954795 0.674912 0.494094 0.5651977 0.62235606 0.40339634 0.72449124 0.66600955 0.70911896 
capture_face_464_0.536802.jpg 0.9996265172958374 0.37482828 0.42190993 0.67608976 0.37676704 0.57435703 0.52472556 0.46487534 0.6901275 0.7304977 0.6564068 
capture_face_98_0.515839.jpg 0.9995880722999573 0.44003373 0.38263902 0.78350985 0.41590726 0.6149094 0.59476733 0.39048684 0.69662464 0.6888484 0.7228186 
capture_face_783_0.955650.jpg 0.998382568359375 0.4144958 0.417536 0.71658075 0.38397056 0.6592676 0.5722052 0.4737484 0.7168196 0.7337017 0.6908758 
capture_face_108_0.492259.jpg 0.9997095465660095 0.37111092 0.4595722 0.68214846 0.441275 0.5462153 0.61155266 0.39847755 0.71564066 0.66704357 0.6966023 
capture_face_737_0.975004.jpg 0.9993124008178711 0.36693788 0.4273468 0.7182312 0.4845829 0.49684763 0.5968318 0.2581766 0.6781765 0.5999564 0.7261509 
capture_face_534_0.990663.jpg 0.9973758459091187 0.43752766 0.38831085 0.7228131 0.36227703 0.6487325 0.52484834 0.48247805 0.6707735 0.7508116 0.6418134 
capture_face_746_0.921350.jpg 0.9989995360374451 0.3870101 0.44631034 0.7278806 0.42095578 0.6178359 0.59161574 0.44039252 0.7367343 0.7418815 0.71269053 
capture_face_63_0.852827.jpg 0.9975403547286987 0.578206 0.45123702 0.81022227 0.46073943 0.75891316 0.63862026 0.52505624 0.73562133 0.6558876 0.7478776 
capture_face_938_1.025607.jpg 0.958428144454956 0.33420116 0.3798534 0.6332444 0.36532676 0.48825407 0.529945 0.37157068 0.6785239 0.60825384 0.67234206 
capture_face_375_0.500761.jpg 0.999298095703125 0.21256015 0.4394119 0.5689472 0.39498705 0.3861272 0.57493854 0.2876104 0.6969693 0.62492096 0.65989804 
capture_face_224_0.521325.jpg 0.9916316866874695 0.4936138 0.4559217 0.73567533 0.48555422 0.6448462 0.6893849 0.41247728 0.722839 0.630532 0.7583121 
capture_face_660_1.039521.jpg 0.9943045973777771 0.5161261 0.42826247 0.7835758 0.38082606 0.72990376 0.5990954 0.5115014 0.73480546 0.71205163 0.70567274 
capture_face_812_0.518161.jpg 0.9994956254959106 0.32440928 0.47584516 0.646461 0.42513984 0.54270536 0.58312213 0.44614536 0.75515866 0.70937645 0.7076826 
capture_face_555_0.922518.jpg 0.9989463686943054 0.45056173 0.4597444 0.72547126 0.49052513 0.6109143 0.65780824 0.40184543 0.71840024 0.6085534 0.74683106 
capture_face_689_0.942222.jpg 0.9994495511054993 0.3719244 0.42477915 0.69381344 0.40755892 0.5796262 0.54355705 0.43168667 0.7000737 0.71067023 0.6874399 
capture_face_567_0.461189.jpg 0.9969308972358704 0.43041298 0.5203171 0.75029397 0.53035444 0.5948323 0.68069464 0.4252852 0.77149093 0.65799654 0.78158104 
capture_face_300_0.913410.jpg 0.9966363906860352 0.47415984 0.37927485 0.77450573 0.40417802 0.6612264 0.54468995 0.49168113 0.6906797 0.7112434 0.7167363 
capture_face_825_0.978096.jpg 0.9997561573982239 0.4226243 0.41065353 0.70293427 0.4675477 0.5839688 0.60527366 0.3396251 0.6789452 0.57668835 0.7323263 
capture_face_697_1.019646.jpg 0.994299054145813 0.38861662 0.42738223 0.70431244 0.4545222 0.54043627 0.6708483 0.3656839 0.73723793 0.603359 0.7631147 
capture_face_308_0.779536.jpg 0.999828577041626 0.25161558 0.41206264 0.52763224 0.38932908 0.3503365 0.5986071 0.35744122 0.7028854 0.58581233 0.68394315 
capture_face_843_0.791646.jpg 0.9995631575584412 0.5077853 0.44840074 0.7636039 0.44619143 0.72142047 0.6128883 0.48601034 0.72581196 0.6739652 0.7298655 
capture_face_950_1.003038.jpg 0.9996359348297119 0.390745 0.39329726 0.6958474 0.40729564 0.5606541 0.5450287 0.39447182 0.6799094 0.6703117 0.68764573 
capture_face_113_0.728082.jpg 0.9908580183982849 0.5392343 0.51925737 0.8007544 0.485281 0.7477908 0.6875549 0.5095176 0.75405455 0.707811 0.736885 
capture_face_260_0.931556.jpg 0.9997884631156921 0.35853973 0.42893583 0.69286513 0.45438552 0.52831674 0.63320166 0.34406558 0.7290391 0.6180872 0.7518085 
capture_face_848_0.491327.jpg 0.9956327080726624 0.21523738 0.40074345 0.45335534 0.44912153 0.23568529 0.6015777 0.25663581 0.7302884 0.44329736 0.75425565 
capture_face_874_0.951519.jpg 0.999439537525177 0.25741702 0.4213394 0.6044487 0.44002903 0.38374364 0.6255999 0.29944453 0.71832407 0.56565535 0.72808814 
capture_face_622_1.092621.jpg 0.9996227025985718 0.41103032 0.38289687 0.72264326 0.39964408 0.57916176 0.5495552 0.40345886 0.69804126 0.67569315 0.7152153 
capture_face_160_0.490862.jpg 0.9992432594299316 0.48021975 0.48112494 0.7674676 0.42060852 0.72032106 0.6128137 0.5460776 0.75915813 0.7783251 0.71748793 
capture_face_553_0.933941.jpg 0.9997430443763733 0.38507006 0.4399116 0.67974794 0.4927743 0.52094704 0.62656075 0.30860797 0.66329545 0.5890418 0.7121223 
capture_face_636_0.520392.jpg 0.996212363243103 0.1974119 0.4526763 0.43751928 0.43992764 0.201477 0.6079155 0.23696649 0.76512206 0.40377328 0.7556268 
capture_face_920_0.520783.jpg 0.9995949864387512 0.39581895 0.39815608 0.7095078 0.4037158 0.570249 0.55026263 0.4102764 0.68634045 0.6816313 0.68458796 
capture_face_327_0.500796.jpg 0.9987762570381165 0.18911877 0.46957898 0.5268419 0.44400364 0.32743707 0.6367567 0.30823568 0.7422743 0.5883838 0.7150127 
capture_face_812_0.495070.jpg 0.9987181425094604 0.41930467 0.43035603 0.7258309 0.39368278 0.63899094 0.57046837 0.4952829 0.72898984 0.7338686 0.70123744 
capture_face_310_0.519631.jpg 0.9784207940101624 0.43183905 0.4115055 0.6996541 0.4342121 0.62631124 0.55799246 0.49432305 0.6815316 0.69007564 0.68224806 
capture_face_494_0.926434.jpg 0.9996364116668701 0.3333898 0.43957585 0.65130687 0.39247096 0.51243025 0.5499327 0.4230748 0.71878046 0.6725215 0.6766016 
capture_face_740_1.002952.jpg 0.9998332262039185 0.37473443 0.41437185 0.70032763 0.43253046 0.5577182 0.5429214 0.38851675 0.6913085 0.65448046 0.70970774 
capture_face_507_0.500014.jpg 0.9714046716690063 0.20433292 0.47788867 0.5406164 0.44204724 0.34726703 0.68778694 0.32829016 0.8021727 0.5593747 0.7592075 
capture_face_830_0.532416.jpg 0.9993358254432678 0.32255757 0.40299934 0.641909 0.3521254 0.5017607 0.49490666 0.38247094 0.68791986 0.6874511 0.64710045 
capture_face_914_0.465679.jpg 0.9949210286140442 0.39015242 0.50196123 0.768296 0.4578364 0.6208688 0.67504317 0.4457883 0.8005533 0.729602 0.7657687 
capture_face_759_0.910593.jpg 0.999768078327179 0.40611872 0.45986453 0.7239741 0.43815172 0.6278956 0.62688005 0.42008415 0.72070074 0.6750475 0.70184207 
capture_face_830_0.474686.jpg 0.9997878670692444 0.3214152 0.37260062 0.63893425 0.40706193 0.43526596 0.56813 0.28497133 0.6913157 0.5619395 0.71979696 
capture_face_106_1.026605.jpg 0.9982494711875916 0.38730952 0.4068358 0.6983423 0.3873918 0.5580182 0.5763338 0.3876982 0.6897063 0.6777675 0.67913616 
capture_face_368_0.896807.jpg 0.9847413897514343 0.38043875 0.44572705 0.6868043 0.51337504 0.48569843 0.6127983 0.29475543 0.694837 0.54235387 0.74656546 
capture_face_822_0.939928.jpg 0.9997064471244812 0.39680225 0.4028553 0.7201004 0.42463934 0.57698864 0.5625384 0.40391636 0.6815722 0.6852912 0.6973082 
capture_face_691_1.029720.jpg 0.999932050704956 0.3468786 0.43991333 0.6670928 0.44393623 0.49969816 0.6207696 0.35340044 0.7200316 0.63187206 0.72230256 
capture_face_161_0.505997.jpg 0.9988180994987488 0.48000804 0.44463313 0.783623 0.40980464 0.69285417 0.5727904 0.4950762 0.7038187 0.78106093 0.6762017 
capture_face_796_0.509296.jpg 0.963769793510437 0.504002 0.41256544 0.7478335 0.3901832 0.71268475 0.5452958 0.46081385 0.67915046 0.6980914 0.67503804 
capture_face_170_0.546937.jpg 0.9980332255363464 0.35170823 0.42311344 0.72787964 0.37889487 0.5632634 0.5203217 0.40797845 0.7180366 0.73822343 0.6774907 
capture_face_74_0.473492.jpg 0.9867955446243286 0.24383625 0.56214136 0.5793513 0.55161554 0.39274222 0.7884272 0.36069134 0.8872924 0.56500316 0.87565625 
capture_face_69_0.909350.jpg 0.9757726192474365 0.47954398 0.5157631 0.72890556 0.48047352 0.64257103 0.67520386 0.45241186 0.7464782 0.66210306 0.7236961 
capture_face_761_0.508586.jpg 0.9997783303260803 0.3302111 0.41211778 0.6774279 0.39150494 0.5051481 0.57742393 0.3901537 0.7277315 0.687868 0.7145522 
capture_face_69_0.501805.jpg 0.9978413581848145 0.5012231 0.47379816 0.8245661 0.40780312 0.75031626 0.60558456 0.61663526 0.77277046 0.8290862 0.7204658 
capture_face_63_0.846720.jpg 0.999349057674408 0.4847309 0.43080223 0.7747929 0.4465794 0.6731197 0.61361796 0.4694369 0.70881885 0.6872146 0.72745293 
capture_face_83_0.555969.jpg 0.9995854496955872 0.2696434 0.509024 0.5208776 0.43298233 0.37500557 0.6065878 0.36622962 0.7387427 0.59150183 0.6703009 
capture_face_444_0.945894.jpg 0.9991844296455383 0.3295339 0.45303166 0.6406561 0.41319746 0.51127595 0.623319 0.42472407 0.7593858 0.67113745 0.7249093 
capture_face_941_0.848230.jpg 0.8607026934623718 0.44214278 0.40123454 0.6905103 0.38879663 0.5920118 0.55435264 0.43545705 0.6607045 0.6267481 0.6517035 
capture_face_715_1.041862.jpg 0.998180627822876 0.38291186 0.47572774 0.70023286 0.4414801 0.58304733 0.6241104 0.45192975 0.7219881 0.69284093 0.6916208 
capture_face_834_0.951701.jpg 0.9989368319511414 0.4005273 0.39717108 0.7111082 0.37015742 0.58817255 0.5481949 0.42984164 0.70987487 0.70555174 0.6798057 
capture_face_884_0.997837.jpg 0.9998177886009216 0.326889 0.40418258 0.6593447 0.43763 0.47237068 0.56896186 0.3104036 0.7015739 0.5845306 0.73095834 
capture_face_709_0.908231.jpg 0.9996527433395386 0.365773 0.4061235 0.6964537 0.41293657 0.5596317 0.58011645 0.39026293 0.7064244 0.6527673 0.7116535 
capture_face_104_0.716422.jpg 0.8881904482841492 0.4923735 0.48603934 0.80164254 0.48125678 0.72625935 0.64366716 0.48360863 0.7140502 0.7155833 0.7121905 
capture_face_257_0.472957.jpg 0.9538364410400391 0.49397916 0.4727374 0.7838737 0.4719283 0.67208624 0.69053197 0.446197 0.75398195 0.65815437 0.7625959 
capture_face_449_0.549612.jpg 0.9887110590934753 0.41801476 0.37452453 0.7210314 0.35890156 0.5977032 0.51828974 0.42353544 0.6522549 0.71606374 0.6388298 
capture_face_464_1.050167.jpg 0.9899615049362183 0.45353633 0.4003098 0.7243788 0.40403295 0.6298127 0.57340497 0.46215016 0.69370735 0.6566328 0.7010668 
capture_face_723_1.082079.jpg 0.9994931221008301 0.41258493 0.42751247 0.73020685 0.43396413 0.61117876 0.55327433 0.42698216 0.6920978 0.7188289 0.6983501 
capture_face_76_0.904616.jpg 0.9996048808097839 0.44265163 0.41739792 0.752874 0.44142205 0.6103356 0.6053941 0.40211698 0.6927592 0.67383087 0.71683985 
capture_face_838_0.460123.jpg 0.9995145797729492 0.43910125 0.43937284 0.76569104 0.41803104 0.63951147 0.5925954 0.4830326 0.7277236 0.7506546 0.7116708 
capture_face_838_0.835988.jpg 0.9994682669639587 0.21082678 0.4222388 0.5112158 0.41993374 0.24738275 0.5752923 0.25042978 0.72992074 0.5041093 0.72081697 
capture_face_694_0.990477.jpg 0.9996141195297241 0.29860422 0.45525372 0.62764156 0.39754456 0.4872359 0.59902817 0.39702845 0.73330796 0.7002858 0.68109643 
capture_face_401_0.924685.jpg 0.9997636675834656 0.25919977 0.46280983 0.58806765 0.41617632 0.4022662 0.5801502 0.30637276 0.7032069 0.61171985 0.6722175 
capture_face_753_0.991832.jpg 0.9989882111549377 0.26524302 0.48141855 0.5868199 0.4480158 0.4264629 0.6220924 0.3320797 0.7322389 0.6092893 0.7039175 
capture_face_46_0.492776.jpg 0.9994378685951233 0.39062047 0.4801733 0.6926316 0.47433484 0.54729986 0.6630024 0.40547064 0.73223937 0.65952647 0.71676505 
capture_face_419_1.030737.jpg 0.9975569248199463 0.4375974 0.44494742 0.71966696 0.44274992 0.617767 0.6007713 0.43801433 0.7026798 0.666733 0.69611025 
capture_face_534_0.514423.jpg 0.12077634781599045 0.41016138 0.38422662 0.67333627 0.38650686 0.5503634 0.51081264 0.46121755 0.69590044 0.600518 0.7077221 
capture_face_834_0.519584.jpg 0.09040796756744385 0.19249034 0.39831606 0.41984552 0.4215228 0.20155342 0.5811697 0.2412345 0.7400895 0.384473 0.744834 
capture_face_188_0.962663.jpg 0.9841981530189514 0.36104098 0.4123121 0.6505319 0.40314978 0.50720847 0.57678837 0.3585296 0.67494315 0.6083633 0.6668647 
capture_face_292_0.621308.jpg 0.9981460571289062 0.21649125 0.47101927 0.4179432 0.41260803 0.26719818 0.62020916 0.42092362 0.7374039 0.55100596 0.6943412 
capture_face_800_0.511169.jpg 0.9793196320533752 0.29306385 0.5332036 0.5927017 0.50484884 0.41724187 0.71527165 0.34121993 0.8283496 0.54347295 0.81182075 
capture_face_298_0.800061.jpg 0.9943323135375977 0.58225924 0.43671632 0.765713 0.45117772 0.76931757 0.6093804 0.5456375 0.7034792 0.68690944 0.72429204 
capture_face_588_0.836688.jpg 0.9982155561447144 0.2960389 0.45142072 0.60827184 0.4127512 0.46090737 0.59178585 0.3910256 0.7053367 0.67030597 0.67394245 
capture_face_945_0.526099.jpg 0.9948829412460327 0.3095386 0.5207709 0.58894646 0.47829556 0.448561 0.66871506 0.4228647 0.74480534 0.6477848 0.7070277 
capture_face_315_0.521853.jpg 0.994658887386322 0.28402492 0.5088404 0.54637146 0.43689662 0.41753235 0.6215579 0.43186852 0.7247065 0.6463146 0.65862733 
capture_face_2_0.895900.jpg 0.9823441505432129 0.4925807 0.3791761 0.79110694 0.4532007 0.6558406 0.57501745 0.40397835 0.65164644 0.6462951 0.7125934 
capture_face_53_1.049738.jpg 0.6930220723152161 0.4047898 0.54197854 0.67293406 0.5315065 0.5436047 0.7898898 0.4264183 0.83706295 0.5769583 0.8271234 
capture_face_108_0.919969.jpg 0.9849169850349426 0.28079572 0.48712417 0.5811337 0.44906765 0.43302995 0.65229183 0.3613591 0.7395924 0.6439847 0.7115256 
capture_face_636_0.559380.jpg 0.6125574707984924 0.1787647 0.44610754 0.38410804 0.48461705 0.14905384 0.62659496 0.23249707 0.73396945 0.3690469 0.7544376 
capture_face_838_0.445265.jpg 0.9912219047546387 0.49002117 0.45573342 0.7815511 0.45117503 0.69194233 0.58559614 0.54094297 0.75709164 0.74538314 0.7577112 
capture_face_803_0.519606.jpg 0.05596897751092911 0.30915272 0.38320565 0.58390903 0.34041095 0.43710476 0.49993563 0.40550968 0.6898553 0.58731663 0.6621495 
capture_face_180_0.976943.jpg 0.17128609120845795 0.29982236 0.327266 0.5786879 0.33468127 0.38411066 0.42623052 0.2917263 0.60828614 0.5018667 0.62670064 
capture_face_235_1.000316.jpg 0.7587370872497559 0.50935274 0.39788055 0.7670599 0.43237895 0.6789275 0.58594865 0.44782814 0.69030374 0.6477119 0.7289219 
capture_face_753_0.926481.jpg 0.917345404624939 0.35870123 0.53843594 0.6753247 0.47809255 0.59807 0.67359763 0.47476617 0.7807446 0.71395826 0.72916824 
capture_face_475_0.943553.jpg 0.9229735136032104 0.228441 0.49731478 0.50403893 0.48841852 0.35521466 0.6686735 0.3887336 0.76833594 0.56085664 0.74453545 
capture_face_453_0.506669.jpg 0.9694231748580933 0.22597465 0.5618532 0.5639366 0.50567883 0.42413345 0.7145893 0.40176705 0.77578044 0.6289114 0.71600384 
capture_face_337_0.873926.jpg 0.9078265428543091 0.458628 0.44401765 0.7207265 0.43873334 0.67918766 0.6072696 0.4790137 0.73911923 0.67819965 0.7370306 
capture_face_689_0.955665.jpg 0.9794613122940063 0.44870484 0.5237753 0.72088385 0.5655161 0.5792566 0.75545436 0.37412393 0.7309221 0.5874328 0.76601285 
capture_face_912_0.989709.jpg 0.08317660540342331 0.36987615 0.46598667 0.6010046 0.50404495 0.45151877 0.64807713 0.364423 0.73966116 0.5066701 0.75769377 
capture_face_803_0.557753.jpg 0.043815869837999344 0.309331 0.34943867 0.61142373 0.34128433 0.41538322 0.48307016 0.3476108 0.669317 0.5548676 0.6712443 
capture_face_588_0.968152.jpg 0.9943801760673523 0.4748785 0.45826453 0.7297375 0.4470719 0.6270266 0.62997496 0.45094112 0.7185594 0.6207782 0.7160009 
capture_face_180_0.462009.jpg 0.3345571756362915 0.2292603 0.45001405 0.5308752 0.4724626 0.31944245 0.6568972 0.30423394 0.72713685 0.49100086 0.7487594 
capture_face_545_0.881857.jpg 0.7530109286308289 0.35187238 0.39484206 0.6640198 0.42889917 0.50135577 0.58331937 0.40044746 0.700557 0.6037457 0.72008735 
capture_face_945_0.931643.jpg 0.994981586933136 0.2873871 0.52045333 0.59480846 0.50726986 0.4424628 0.69355947 0.40782365 0.7872082 0.6332301 0.7760244 
capture_face_426_0.534715.jpg 0.009972604922950268 0.39798173 0.415559 0.6131474 0.37143475 0.5148213 0.5396533 0.48511443 0.6826625 0.63854825 0.64114165 
capture_face_974_0.936083.jpg 0.8907485008239746 0.48037142 0.5070656 0.744926 0.5129298 0.6384461 0.7199852 0.42071387 0.76977456 0.61747146 0.7724887 
capture_face_524_0.912147.jpg 0.998845100402832 0.50577414 0.43348607 0.7267128 0.45265406 0.65427357 0.63693696 0.40916768 0.70746624 0.5565153 0.731285 
