capture_face_268_0.511581.jpg 0.0004564014086045037 0.42034256 0.38118854 0.7152274 0.36294577 0.629857 0.538533 0.46804506 0.74407107 0.6707399 0.7552743 
capture_face_166_0.506262.jpg 0.7280322977127314 0.42704448 0.38721398 0.7159012 0.3909333 0.6319104 0.5502005 0.40204242 0.69276315 0.6850547 0.7032143 
capture_face_257_0.785341.jpg 0.8939381151506626 0.39599583 0.3740601 0.71558636 0.39549637 0.6058129 0.53586286 0.40487 0.7097282 0.62933093 0.7302259 
capture_face_5_0.732899.jpg 0.000859245208884587 0.45499444 0.37733695 0.72683805 0.40753162 0.6631877 0.5832263 0.39858893 0.7198291 0.57520276 0.76096016 
capture_face_57_0.836102.jpg 0.005629309585828804 0.41661888 0.36873645 0.7215109 0.448286 0.52791446 0.57281214 0.30127642 0.68618524 0.4963978 0.7582236 
capture_face_334_0.836608.jpg 3.256225862510315e-05 0.44239995 0.3433057 0.691034 0.301475 0.7054944 0.43575603 0.5875053 0.6553896 0.77649915 0.6491439 
capture_face_313_0.840256.jpg 6.230476218661678e-06 0.41182593 0.31721938 0.70635104 0.3370194 0.63871485 0.46064782 0.41902122 0.62381375 0.670236 0.6646019 
capture_face_536_0.527599.jpg 0.0006442849479164987 0.35102916 0.45995152 0.59213674 0.43419927 0.48420474 0.65323734 0.48154223 0.7676852 0.61256415 0.765075 
capture_face_247_0.537759.jpg 0.004425694310508485 0.4064315 0.4206761 0.6462293 0.4473222 0.5159661 0.58702856 0.38542676 0.7019969 0.5584489 0.73413014 
capture_face_345_0.547622.jpg 0.006506319228796261 0.33029747 0.32699132 0.56046146 0.3570153 0.33249038 0.48247844 0.25421163 0.62925476 0.42718732 0.66724396 
capture_face_233_0.757695.jpg 0.014120057112804252 0.61317253 0.43430954 0.81206316 0.4202806 0.90610963 0.5576958 0.6309575 0.7309056 0.8049134 0.738046 
capture_face_904_0.458180.jpg 7.488082482726164e-07 0.29240018 0.3667028 0.50566906 0.41128117 0.30944598 0.59145963 0.39458472 0.69065255 0.5247273 0.7352721 
capture_face_380_0.401020.jpg 0.006984987222896297 0.20395046 0.36951616 0.46671957 0.36278617 0.2372307 0.5439445 0.31372505 0.72729206 0.48215923 0.723778 
capture_face_253_0.871395.jpg 0.0001305030900493624 0.43525013 0.3988336 0.6930783 0.30959645 0.75178397 0.53484553 0.63681525 0.7362837 0.81830597 0.68796456 
capture_face_164_0.527280.jpg 0.040370555200625 0.36842415 0.34123674 0.64877206 0.36081472 0.5001546 0.5047208 0.3208307 0.6523279 0.5455513 0.67993957 
capture_face_5_0.768320.jpg 0.00024481728209184894 0.4904646 0.38990977 0.7352747 0.40279344 0.6725348 0.5452827 0.4848632 0.69435143 0.6305074 0.72142464 
capture_face_57_0.739494.jpg 0.02041759871393055 0.4158031 0.35329264 0.72451824 0.4150796 0.60271615 0.58188885 0.3268009 0.6879501 0.5372463 0.7436026 
capture_face_247_0.524875.jpg 0.00580265055826694 0.4292771 0.42785117 0.70562994 0.4697882 0.5843624 0.6485571 0.38358778 0.73015285 0.5844953 0.7806804 
capture_face_850_0.491397.jpg 0.003871012404180098 0.40310705 0.37003118 0.68797094 0.3692198 0.6108731 0.5202377 0.43051675 0.6737265 0.6579361 0.68580306 
capture_face_288_0.449977.jpg 0.0162401971145995 0.43027857 0.36622247 0.7188226 0.36057642 0.70716816 0.47248524 0.50808895 0.6534196 0.73627406 0.66592675 
capture_face_5_0.854153.jpg 0.00027153209398643257 0.5206049 0.39428362 0.7594356 0.45002645 0.65485233 0.6039625 0.44679415 0.7285468 0.5921045 0.7759376 
capture_face_288_0.509321.jpg 0.00013437080542306922 0.37289846 0.3130947 0.6998374 0.3350246 0.58908474 0.44441348 0.3995522 0.6272482 0.66535556 0.6743935 
capture_face_100_0.813006.jpg 0.015281866087098661 0.35817242 0.37945828 0.6887621 0.45096415 0.43574527 0.640928 0.20596808 0.7479305 0.42905784 0.82091737 
capture_face_313_0.910029.jpg 0.002048002176002312 0.41587615 0.37011635 0.67034423 0.35007095 0.6342923 0.47840625 0.49168167 0.6441895 0.7038451 0.6486378 
capture_face_226_0.763812.jpg 0.0014407555665496023 0.56847525 0.49069157 0.8041333 0.48002478 0.7473724 0.6411345 0.50459445 0.7706481 0.69120985 0.7792813 
capture_face_239_0.631860.jpg 0.0005894539549539748 0.3697358 0.37486437 0.6953205 0.37669864 0.51705533 0.6145413 0.35496315 0.7187446 0.6056296 0.7321844 
capture_face_249_0.747443.jpg 0.020891861837835753 0.27196664 0.38942924 0.5742042 0.3480996 0.3958653 0.50445855 0.35711983 0.674926 0.58180064 0.655042 
capture_face_257_0.495284.jpg 0.001418109335848954 0.60941714 0.33313948 0.8803275 0.27166095 0.9591694 0.47142518 0.70490015 0.7185997 0.90146595 0.68170255 
capture_face_848_0.920266.jpg 0.334834096700806 0.39768627 0.35325363 0.7465135 0.39482272 0.5945677 0.5209091 0.42364174 0.69066644 0.6522543 0.7251284 
capture_face_953_0.440054.jpg 2.445630575273452e-05 0.26411343 0.4053728 0.5071953 0.40039667 0.28955057 0.6273071 0.40919283 0.7626964 0.5755417 0.7755022 
capture_face_551_0.522500.jpg 2.9706464161413786e-05 0.5151226 0.32515317 0.7826062 0.32672954 0.7085631 0.4900967 0.54693633 0.67376095 0.74260473 0.70775205 
capture_face_380_0.533668.jpg 0.0005761860045460456 0.47668582 0.38740963 0.71610576 0.33117786 0.72966194 0.4869575 0.5696188 0.68765914 0.76453966 0.6595735 
capture_face_334_0.801110.jpg 7.768761007799487e-05 0.4908942 0.43899152 0.732608 0.40288568 0.749717 0.5710587 0.59414613 0.75871694 0.75245184 0.75480765 
capture_face_563_0.672254.jpg 0.0005259902559534591 0.45187873 0.3622272 0.744081 0.40526453 0.55298966 0.5999347 0.3843443 0.73920196 0.6139481 0.7978217 
capture_face_302_0.657672.jpg 0.02978209211744331 0.3133114 0.40838075 0.64292175 0.41887718 0.40951285 0.613365 0.3462746 0.7826532 0.5694079 0.8012394 
capture_face_196_0.713727.jpg 0.0002529129602146796 0.5063982 0.40837651 0.76058376 0.4187163 0.65811205 0.59422624 0.46535224 0.73721075 0.6385973 0.7657857 
capture_face_7_0.469555.jpg 0.005166890337136126 0.5801425 0.38482356 0.82668036 0.40238473 0.7835643 0.5768415 0.520605 0.7224181 0.7033162 0.74623823 
capture_face_551_0.835094.jpg 0.0001242158872119744 0.43630278 0.38279486 0.69229805 0.37779787 0.5942354 0.58491874 0.51528245 0.7727745 0.6697627 0.79410225 
capture_face_166_0.406398.jpg 1.2165787751865073e-05 0.5907227 0.402238 0.80368125 0.39115235 0.86048734 0.53920156 0.60783654 0.69105494 0.7762909 0.7058356 
capture_face_180_0.907463.jpg 0.14228621705400268 0.41885385 0.35780424 0.7049866 0.4056097 0.52555054 0.6004317 0.3044155 0.69604725 0.55151063 0.7537406 
capture_face_21_0.474817.jpg 0.0019102622145027192 0.19094934 0.41587424 0.45749733 0.38184598 0.2721586 0.5840836 0.33624652 0.7336844 0.48871958 0.72558635 
capture_face_494_0.440184.jpg 0.01889425397557825 0.5603621 0.36907107 0.7683849 0.35834363 0.7981795 0.5465107 0.5619592 0.7524638 0.70200676 0.75483304 
capture_face_302_0.902426.jpg 0.10530991662288697 0.53278905 0.40407345 0.76450443 0.38446802 0.7341895 0.54155755 0.5567405 0.71302986 0.721623 0.70837396 
capture_face_173_0.454547.jpg 1.4343260214082123e-05 0.3950335 0.35279605 0.6936728 0.29247597 0.6145584 0.51426506 0.5357309 0.7283399 0.7433881 0.70604414 
capture_face_850_0.800504.jpg 0.09674232195190359 0.44797945 0.36339858 0.6888243 0.37952086 0.6368413 0.50113153 0.4470087 0.6395338 0.66431737 0.66228235 
capture_face_245_0.870820.jpg 0.07582529325304317 0.45691237 0.38772312 0.7552921 0.42490315 0.6097797 0.5618567 0.42022687 0.73486626 0.62034655 0.7763713 
capture_face_825_0.476089.jpg 0.9852094234534959 0.5251999 0.46346417 0.82612795 0.49850005 0.70612097 0.6790151 0.41585225 0.76522774 0.6496609 0.8048452 
capture_face_151_0.532443.jpg 0.9968421360346098 0.38828632 0.40340438 0.6947597 0.40414733 0.5676321 0.52787113 0.36734214 0.67057574 0.67577696 0.67478055 
capture_face_492_0.446123.jpg 0.9950113075289663 0.371266 0.4459324 0.70763505 0.404816 0.60367674 0.5999663 0.449773 0.756908 0.72224784 0.72510654 
capture_face_611_0.967194.jpg 0.9938663884484794 0.37097943 0.4420649 0.67273134 0.43831217 0.53137046 0.6043048 0.3684426 0.71635747 0.62471956 0.71532005 
capture_face_862_1.058827.jpg 0.9888857439959429 0.4060771 0.4177165 0.70514446 0.45930284 0.5581633 0.6062246 0.35867706 0.7142954 0.60051847 0.75601596 
capture_face_444_0.515621.jpg 0.9951600385602497 0.34036398 0.45105284 0.6907016 0.4067042 0.5503727 0.6021007 0.41581842 0.8041484 0.6983806 0.76624614 
capture_face_677_0.954313.jpg 0.9962296130947432 0.36762542 0.40002298 0.7011684 0.40585217 0.550523 0.5936554 0.35546887 0.73118347 0.66403735 0.73680854 
capture_face_569_0.526359.jpg 0.9959816927422086 0.36249337 0.42425415 0.6768434 0.40296832 0.5730618 0.5548787 0.398769 0.72528136 0.6589267 0.70934147 
capture_face_95_0.852775.jpg 0.9951345386542837 0.25520688 0.36719123 0.5508074 0.40265247 0.27548373 0.5310505 0.22372988 0.67281294 0.462341 0.7096418 
capture_face_428_0.859912.jpg 0.984612610954559 0.47537407 0.4440011 0.75693285 0.40700045 0.72000456 0.56279653 0.48732096 0.71315306 0.7441845 0.6944808 
capture_face_50_0.500249.jpg 0.9973400249031593 0.32500032 0.46315444 0.6658918 0.4259281 0.49365717 0.6059613 0.36801314 0.7315165 0.6734209 0.69942564 
capture_face_576_1.021850.jpg 0.9958621531310816 0.3457743 0.4107847 0.6721619 0.41986418 0.5127285 0.5626814 0.3319444 0.6784909 0.6440586 0.6810185 
capture_face_880_0.505023.jpg 0.829339813077903 0.36419526 0.5103571 0.6959655 0.4446775 0.583804 0.66954625 0.45747685 0.80449754 0.6921079 0.75351036 
capture_face_904_1.043637.jpg 0.9970756706327703 0.40289867 0.4649133 0.6899657 0.39453405 0.6337564 0.5654992 0.48096776 0.7338381 0.73094183 0.67436635 
capture_face_204_0.538847.jpg 0.04211665495974124 0.33085755 0.38836884 0.5645982 0.3632283 0.46975008 0.59449995 0.38438842 0.7137334 0.6024207 0.70647347 
capture_face_7_0.511678.jpg 0.8149731227976773 0.30360153 0.43859985 0.60804516 0.4514046 0.42249843 0.5970544 0.30135414 0.72262377 0.5794724 0.7441807 
capture_face_428_0.918130.jpg 0.9877602205696636 0.42543802 0.45625177 0.7154306 0.41240582 0.6596041 0.5700094 0.47516832 0.7158845 0.73995304 0.6841888 
capture_face_840_0.938854.jpg 0.9944553765752553 0.36630338 0.41133577 0.7070248 0.4226302 0.5475599 0.60900086 0.3282641 0.70388544 0.6393083 0.71577436 
capture_face_160_0.788901.jpg 0.9011992773739315 0.41275877 0.37338817 0.71086395 0.3587713 0.6439335 0.4709087 0.45377257 0.6742608 0.71492773 0.6702251 
capture_face_189_0.535854.jpg 0.9962859328161446 0.369958 0.39136016 0.69908464 0.39129606 0.5518732 0.5149452 0.36963144 0.6973742 0.66414315 0.6982054 
capture_face_539_0.440353.jpg 0.9815001566097689 0.39233422 0.51146305 0.69156736 0.5095118 0.5645655 0.6748908 0.40842247 0.77151394 0.6596823 0.7749765 
capture_face_204_0.512823.jpg 0.9960208360815523 0.20320603 0.4505345 0.52935827 0.399446 0.35046285 0.6040815 0.29359508 0.7710959 0.56254196 0.73272556 
capture_face_176_0.518734.jpg 0.99655046037223 0.21479294 0.41604856 0.51884484 0.41869882 0.29412138 0.59104925 0.2561388 0.71989167 0.50006974 0.71965 
capture_face_257_0.822930.jpg 0.4197928491459526 0.49471495 0.4451816 0.7490998 0.47519836 0.6352865 0.651235 0.4005815 0.7169692 0.6094095 0.7609781 
capture_face_368_0.514895.jpg 0.9969302762703819 0.3652741 0.4309846 0.7217699 0.43998495 0.53613716 0.6099344 0.34810343 0.7062513 0.6901502 0.7102186 
capture_face_981_0.483321.jpg 0.9961957769965758 0.37736446 0.41493282 0.71210295 0.42234397 0.596527 0.5798413 0.38385507 0.70943385 0.69115204 0.71249014 
capture_face_260_0.849212.jpg 0.9950444730578734 0.2847044 0.4272042 0.6142369 0.43910795 0.43444484 0.6406377 0.32543814 0.7078534 0.6044917 0.7137607 
capture_face_442_1.065723.jpg 0.9968737652133147 0.3895376 0.429181 0.7156142 0.4322851 0.58328545 0.5901888 0.38531083 0.72804093 0.67217875 0.7334742 
capture_face_856_1.010969.jpg 0.9955578173276693 0.36531806 0.40573603 0.69360405 0.40211406 0.57349604 0.536403 0.36185613 0.6761582 0.6777157 0.67176795 
capture_face_106_0.520784.jpg 0.6828228134851801 0.18124518 0.42339787 0.45496604 0.3873167 0.23082191 0.55007356 0.24196115 0.7427399 0.43283272 0.7226707 
capture_face_426_0.920764.jpg 0.9941804128891814 0.24698342 0.42073953 0.57975614 0.39173475 0.40912023 0.5809846 0.31122655 0.7123157 0.5991811 0.6865662 
capture_face_345_0.490312.jpg 0.994031856720006 0.28124103 0.46667445 0.6575877 0.4751171 0.44977623 0.6751451 0.27003428 0.7646722 0.5542057 0.7723777 
capture_face_214_0.500174.jpg 0.9520270134541811 0.28653643 0.4805679 0.6169273 0.45661655 0.47636434 0.6789227 0.3807538 0.8030059 0.632369 0.7857208 
capture_face_515_0.921692.jpg 0.9875434682466216 0.32298818 0.48832455 0.60766053 0.43566236 0.4739918 0.60811806 0.39134416 0.71668047 0.65708816 0.6706811 
capture_face_391_0.895996.jpg 0.9958977400648356 0.38809094 0.44643906 0.7078403 0.45442456 0.55692047 0.62398136 0.36857957 0.71367615 0.6580554 0.7177777 
capture_face_298_0.465426.jpg 0.9974700010761146 0.29932386 0.37605166 0.6431827 0.39777857 0.45051694 0.53222555 0.30182597 0.69200736 0.58789474 0.7120305 
capture_face_228_0.868431.jpg 0.9924397613916148 0.2734074 0.4587694 0.6167705 0.42677763 0.45722434 0.67429 0.38595626 0.77086234 0.6446053 0.7366412 
capture_face_515_0.834404.jpg 0.9383247218339541 0.47519147 0.47476918 0.7741958 0.4807692 0.633734 0.6403244 0.38592848 0.722225 0.6559023 0.73671633 
capture_face_672_0.906455.jpg 0.9924930700301714 0.4698114 0.4551831 0.769312 0.46379015 0.70761734 0.5967319 0.4806308 0.73245114 0.7097246 0.7476014 
capture_face_920_1.029690.jpg 0.9939414017562861 0.4542334 0.42452386 0.73981583 0.42438993 0.66795033 0.57329434 0.44787395 0.709528 0.70012116 0.7181256 
capture_face_2_0.449315.jpg 0.5660807130210519 0.38587657 0.52843857 0.66223335 0.47145322 0.598899 0.6643283 0.50079674 0.7794096 0.69971925 0.7477767 
capture_face_345_0.530005.jpg 0.985448304777022 0.17219965 0.4733935 0.5381277 0.48704928 0.27651688 0.71420676 0.21456459 0.8284982 0.48527536 0.8403074 
capture_face_482_0.941445.jpg 0.9609025322780513 0.39886308 0.40272838 0.69208694 0.3487959 0.65866095 0.5125545 0.48588878 0.6979842 0.74255383 0.65649444 
capture_face_166_0.890509.jpg 0.981053749381623 0.539654 0.46322462 0.7850876 0.4247949 0.7725165 0.5654508 0.56442094 0.7196617 0.7840094 0.6972922 
capture_face_539_0.899105.jpg 0.9978117058334092 0.33322248 0.48105004 0.6475367 0.39410657 0.567276 0.5856623 0.45305437 0.75575644 0.71846914 0.6790248 
capture_face_660_0.453976.jpg 0.9957132121732667 0.4542316 0.40804195 0.76969767 0.4160549 0.65327513 0.59614736 0.42756662 0.721134 0.7025338 0.73567754 
capture_face_257_0.930363.jpg 0.4972440756785248 0.47833404 0.44411436 0.7253128 0.46300828 0.6132758 0.63752896 0.41689092 0.71891844 0.62438333 0.74697447 
capture_face_555_0.842740.jpg 0.9436490653849209 0.37926373 0.5268104 0.65238625 0.5011819 0.5043562 0.7010004 0.36147878 0.72999686 0.6083591 0.7201021 
capture_face_7_0.906183.jpg 0.9753582914561179 0.38298732 0.36170897 0.71619415 0.39655146 0.5601678 0.5197258 0.31031787 0.63192993 0.6384698 0.66849107 
capture_face_264_0.484950.jpg 0.993587042896326 0.310025 0.49519625 0.6114834 0.43599313 0.5101772 0.63360155 0.38220853 0.73268 0.66410804 0.68593556 
capture_face_113_0.469056.jpg 0.9305522029903304 0.4675014 0.46728858 0.7617852 0.4707327 0.6659642 0.6322123 0.41893962 0.7206593 0.6298643 0.73558575 
capture_face_582_1.018706.jpg 0.9969779069164905 0.3521141 0.39361006 0.6753491 0.3807237 0.5316739 0.5586911 0.34300607 0.682055 0.65972203 0.6698292 
capture_face_494_1.071556.jpg 0.9961570930851307 0.39852756 0.39486662 0.71120954 0.38848633 0.60378724 0.5401362 0.40602252 0.6979468 0.69910026 0.6968071 
capture_face_449_1.042308.jpg 0.9950718569402003 0.32816195 0.37599722 0.66405845 0.40121713 0.48341838 0.5543024 0.29738578 0.665734 0.6188789 0.6898649 
capture_face_15_0.922468.jpg 0.986620662206417 0.33179796 0.41863117 0.6541421 0.4215421 0.46405697 0.5581912 0.33452538 0.70872426 0.6086621 0.7111777 
capture_face_2_0.501510.jpg 0.9933517281918673 0.41518098 0.48969743 0.73633605 0.42447045 0.65867025 0.64849734 0.49730167 0.7881193 0.7440169 0.7431742 
capture_face_672_0.510709.jpg 0.9966194855164426 0.4090831 0.41795725 0.7285865 0.41041642 0.5913545 0.556576 0.41294962 0.6809798 0.6697593 0.6793782 
capture_face_375_0.919378.jpg 0.7433106008541249 0.4277024 0.36459494 0.7767525 0.3903629 0.6460034 0.50602996 0.44290426 0.69077736 0.6981451 0.7180605 
capture_face_412_0.948637.jpg 0.9945868424322502 0.30218408 0.4370794 0.65912634 0.46618146 0.46645352 0.6230551 0.31111535 0.71638054 0.6104516 0.73696506 
capture_face_507_0.959289.jpg 0.9914634892966816 0.3987924 0.43166932 0.7030654 0.37740335 0.6598188 0.54877824 0.5013525 0.73228514 0.7518829 0.6927238 
capture_face_120_0.405231.jpg 0.9490300977312494 0.60809886 0.40706816 0.84646326 0.41544095 0.84346735 0.5629616 0.56182575 0.7084446 0.758801 0.72841257 
capture_face_125_0.868115.jpg 0.9904092639294249 0.45812908 0.44455042 0.77621 0.4113149 0.6792359 0.6423229 0.47496286 0.75349236 0.72304755 0.73237514 
capture_face_257_0.543577.jpg 0.9833612057188368 0.5114372 0.46588022 0.7954447 0.44318047 0.7307844 0.60042876 0.5287835 0.7429551 0.7720867 0.7299779 
capture_face_216_0.828426.jpg 0.8614908729973304 0.5250465 0.43189517 0.7661059 0.39414304 0.7931041 0.5263498 0.52482015 0.7018234 0.74875027 0.6869458 
capture_face_161_0.528099.jpg 0.9970333632532595 0.3467106 0.43563277 0.6755895 0.40637216 0.5285001 0.59928614 0.41539815 0.7362828 0.6922659 0.70398057 
capture_face_981_0.874644.jpg 0.9393764260258287 0.41567832 0.44201183 0.6954696 0.41794097 0.63709337 0.5732221 0.45436126 0.7247204 0.69221777 0.7168678 
capture_face_189_0.508707.jpg 0.9977674371248682 0.31017023 0.36367726 0.6494784 0.35850823 0.45235988 0.5160502 0.3283136 0.70021665 0.6228598 0.6937463 
capture_face_817_0.471993.jpg 0.9966850860237999 0.3753328 0.42394605 0.69067603 0.3916743 0.58116305 0.58115226 0.41649222 0.707564 0.69939846 0.678264 
capture_face_18_0.514466.jpg 0.9956665295370344 0.2755167 0.4511792 0.59621036 0.40753582 0.4052436 0.54631513 0.31182575 0.72501254 0.5881776 0.6993888 
capture_face_95_0.873037.jpg 0.995414637040553 0.24728991 0.35686386 0.54269755 0.383393 0.2664873 0.51351774 0.2189027 0.6812649 0.45098862 0.71090335 
capture_face_647_0.537825.jpg 0.9975894524810563 0.34520012 0.3950924 0.6631607 0.40456107 0.48130566 0.5651285 0.3332369 0.69606954 0.59958535 0.7003559 
capture_face_950_0.506240.jpg 0.993708155753056 0.30479765 0.40151626 0.6245622 0.3779993 0.44363374 0.5059966 0.3352804 0.7096972 0.61330616 0.6956787 
capture_face_798_0.519593.jpg 0.9976352477947295 0.31322724 0.42594662 0.64388096 0.44107795 0.4528444 0.58748907 0.31125554 0.7127661 0.5991407 0.7200525 
capture_face_746_0.858950.jpg 0.9939176129507036 0.40936893 0.43286058 0.7505919 0.37485197 0.6843024 0.5441951 0.45608738 0.7215751 0.7680839 0.67076474 
capture_face_206_0.528948.jpg 0.5653461206776869 0.4358394 0.46523306 0.760269 0.43707472 0.63768005 0.6404083 0.45760766 0.76396406 0.71131086 0.7560258 
capture_face_151_0.896096.jpg 0.9949780261958678 0.41822982 0.39286414 0.71612054 0.42905045 0.5886215 0.53004146 0.38891912 0.6710775 0.64410895 0.70772177 
capture_face_515_0.565985.jpg 0.9956020083402329 0.33207732 0.42360273 0.6396715 0.3804921 0.52795684 0.52326155 0.39863923 0.7311171 0.6704536 0.697667 
capture_face_901_1.084884.jpg 0.9962113933716604 0.34351906 0.37730113 0.6775466 0.39968303 0.5125018 0.5505357 0.33069757 0.6975326 0.63366324 0.71953297 
capture_face_117_1.034817.jpg 0.7650762357621131 0.4134209 0.41771087 0.67346233 0.43023714 0.52829206 0.60508776 0.39410895 0.7128211 0.5875582 0.73330677 
capture_face_102_0.865462.jpg 0.8775715334252269 0.47687066 0.42628655 0.7562847 0.43705112 0.7022043 0.59919935 0.47472665 0.70801526 0.7324834 0.72580975 
capture_face_143_0.505282.jpg 0.9980025928578983 0.3058235 0.48587245 0.62330246 0.41835427 0.47232896 0.5951653 0.39798406 0.7598335 0.6473111 0.7051812 
capture_face_300_0.541357.jpg 0.9931135855857903 0.41096258 0.36306 0.72537005 0.3823602 0.581216 0.495687 0.4022398 0.6823557 0.67102784 0.7049377 
capture_face_315_0.981691.jpg 0.9782278450309265 0.4847947 0.49814585 0.74415547 0.4725443 0.69713664 0.6071641 0.48335394 0.70104647 0.71550757 0.68577486 
capture_face_91_0.552218.jpg 0.9971881522472791 0.36838853 0.4532936 0.6554343 0.3991964 0.5555662 0.5689947 0.43044135 0.7162148 0.71623766 0.6675553 
capture_face_882_1.034850.jpg 0.9972201590301084 0.38819098 0.41752508 0.6947712 0.39257464 0.60632074 0.53921914 0.4185509 0.70271254 0.72063357 0.67497367 
capture_face_735_1.007635.jpg 0.9937079203252795 0.32274982 0.4034648 0.650688 0.42327878 0.47161153 0.57761616 0.3245709 0.7138794 0.6039006 0.73036027 
capture_face_672_0.418752.jpg 0.9915838505535647 0.4626088 0.4164353 0.762546 0.42351285 0.6608762 0.57858944 0.42885193 0.6838664 0.6802262 0.69654214 
capture_face_565_1.015247.jpg 0.9958063541563414 0.33221936 0.390462 0.6601238 0.3869394 0.49419892 0.5535413 0.33152312 0.67641014 0.63693666 0.6726928 
capture_face_677_1.017220.jpg 0.9956829565984675 0.39429417 0.36449137 0.69657063 0.39288673 0.55792093 0.54903525 0.3257786 0.66265494 0.6352146 0.6962835 
capture_face_638_0.527074.jpg 0.9977228163431042 0.2508942 0.40384308 0.5603222 0.40961012 0.31599158 0.5420162 0.25423554 0.704722 0.5001112 0.7121128 
capture_face_507_0.503287.jpg 0.9519323745779851 0.39612845 0.42863578 0.64224494 0.42066476 0.51902735 0.57015204 0.38774258 0.71613157 0.60445803 0.7156909 
capture_face_840_0.932896.jpg 0.9848032209230864 0.3706497 0.4345548 0.71305287 0.45016894 0.53031445 0.62120885 0.3005975 0.6878453 0.6172839 0.71266276 
capture_face_620_0.469958.jpg 0.995058282844626 0.3509941 0.4489675 0.6746484 0.43342596 0.5316261 0.5710636 0.36859357 0.71809065 0.6505622 0.70426255 
capture_face_80_0.735519.jpg 0.9943178167937448 0.46715918 0.42538476 0.7848129 0.39101696 0.7188503 0.59452987 0.46348003 0.7428301 0.7521202 0.7231326 
capture_face_945_0.723298.jpg 0.00739821833617077 0.48521912 0.4763199 0.77326053 0.47939318 0.6887429 0.67039907 0.3837168 0.7470626 0.6046519 0.7759618 
capture_face_21_0.957139.jpg 0.9933750193763956 0.39624566 0.41044185 0.7174408 0.44804728 0.56263256 0.6020078 0.33175984 0.6655232 0.62632525 0.7054816 
capture_face_596_1.016316.jpg 0.9715887637440659 0.44180882 0.4187016 0.7146638 0.45989284 0.58350515 0.5907726 0.32529554 0.663465 0.5895556 0.7134459 
capture_face_765_0.724401.jpg 0.9061500531033714 0.19466212 0.35416588 0.51752293 0.35285252 0.2770123 0.5219629 0.27704957 0.7011649 0.5375056 0.69819427 
capture_face_188_0.464997.jpg 0.996627063473224 0.3484977 0.39013967 0.6937896 0.4077954 0.50834477 0.5913461 0.33751017 0.70952415 0.63383734 0.7237264 
capture_face_653_0.995526.jpg 0.9955409218007542 0.32498387 0.45370242 0.6660176 0.44768363 0.4900349 0.616396 0.3339618 0.7104099 0.66076005 0.6979195 
capture_face_981_0.916525.jpg 0.9928440636477226 0.42340302 0.41412324 0.7482912 0.43146786 0.64883304 0.5688908 0.40276757 0.69210327 0.69887054 0.70890754 
capture_face_442_0.535823.jpg 0.99722418965953 0.27268112 0.4051512 0.57266307 0.38523492 0.3832659 0.52769256 0.2769228 0.69834805 0.5346025 0.6884525 
capture_face_472_1.024328.jpg 0.9938999487327924 0.4436039 0.43397626 0.74019706 0.43326977 0.650084 0.5696271 0.42011577 0.68185216 0.7040357 0.69182944 
capture_face_957_0.541918.jpg 0.9966606920468012 0.3556881 0.43566614 0.67989147 0.3734454 0.57817805 0.5852954 0.46160296 0.7649365 0.728194 0.7103457 
capture_face_912_0.783394.jpg 0.967367884514702 0.33749753 0.48726186 0.63527274 0.5034845 0.43897676 0.706964 0.30053067 0.7390769 0.5521851 0.7685221 
capture_face_941_0.910518.jpg 0.9905369719349306 0.34498227 0.3881075 0.70287484 0.37684909 0.55309653 0.58209604 0.33755726 0.6791729 0.6911398 0.668292 
capture_face_938_1.002592.jpg 0.8227684367002668 0.36432517 0.3325347 0.664288 0.34073368 0.5352144 0.49545377 0.34906226 0.6542419 0.6227102 0.6736878 
capture_face_231_0.517268.jpg 0.3218325045378624 0.25027892 0.5004798 0.52745986 0.39359 0.4766477 0.6050736 0.47756574 0.7439419 0.7303715 0.67114896 
capture_face_100_0.468947.jpg 0.9904428250227609 0.31147414 0.4695705 0.6654418 0.426231 0.48361006 0.6255626 0.4095244 0.79890627 0.65779835 0.7675935 
capture_face_308_0.894973.jpg 0.9967799496821835 0.31616813 0.41712707 0.62405616 0.37651226 0.5218928 0.5860252 0.3743859 0.73780996 0.66314316 0.70230496 
capture_face_457_1.122979.jpg 0.9869219959885964 0.4326702 0.44840065 0.69914347 0.46974626 0.55438405 0.60662895 0.36495498 0.682621 0.61195266 0.71536833 
capture_face_882_0.499496.jpg 0.9567369104883977 0.18864956 0.4148016 0.45541868 0.41609296 0.19715011 0.60377014 0.25717038 0.7490281 0.40653616 0.7594705 
capture_face_620_0.506409.jpg 0.9823394308207619 0.39945894 0.46584335 0.7025806 0.45455822 0.5818856 0.594998 0.4174064 0.75450385 0.6706995 0.7463146 
capture_face_974_0.468487.jpg 0.9976573164677879 0.26529965 0.4250806 0.6077925 0.37734526 0.38630491 0.52624905 0.32116088 0.73177254 0.5954916 0.6962489 
capture_face_888_0.929928.jpg 0.8512381430958712 0.44727823 0.49732277 0.76393473 0.45852587 0.6677702 0.64558125 0.5122613 0.80903405 0.734856 0.7833094 
capture_face_933_0.953979.jpg 0.9959303735085575 0.44337258 0.44780704 0.7484594 0.4009227 0.69839245 0.5525216 0.48251805 0.71077204 0.7595011 0.6790675 
capture_face_859_0.970571.jpg 0.9948144843408717 0.36358166 0.42188334 0.6836471 0.46779665 0.5070392 0.5848592 0.30243057 0.65365344 0.6069918 0.69278204 
capture_face_759_0.536409.jpg 0.9950449451810066 0.39869982 0.4547739 0.73507875 0.41337642 0.6389228 0.6023031 0.4500568 0.75984824 0.71576154 0.7243044 
capture_face_102_0.832379.jpg 0.9816503895130639 0.47475794 0.44979027 0.77583426 0.43575397 0.6879707 0.6232447 0.47608835 0.74201393 0.7359012 0.7323909 
capture_face_838_1.038448.jpg 0.9931669666394438 0.44701326 0.45346555 0.7431327 0.4245986 0.6733737 0.5943073 0.47002998 0.73548925 0.7083883 0.7198705 
capture_face_924_0.951662.jpg 0.9912079796620944 0.44051912 0.43051913 0.76082253 0.43167603 0.6328069 0.5905631 0.4184213 0.7313456 0.72543514 0.7409388 
capture_face_674_1.002273.jpg 0.9970050418318367 0.33964792 0.40227297 0.68012106 0.41543823 0.5207277 0.57101184 0.3290621 0.6966216 0.62700707 0.6994637 
capture_face_524_0.506409.jpg 0.9963826140747492 0.33739552 0.48747098 0.67168486 0.4627876 0.5172478 0.6477545 0.37231848 0.788433 0.6493976 0.77169615 
capture_face_161_0.883486.jpg 0.9974283718078779 0.4114111 0.44785953 0.7409546 0.42643824 0.61993635 0.57533425 0.4120956 0.71963376 0.7114296 0.70245594 
capture_face_53_0.467626.jpg 0.9951026656094764 0.2847266 0.36913687 0.64329064 0.31732842 0.5019527 0.49277717 0.3774147 0.74990577 0.679225 0.709946 
capture_face_368_0.979262.jpg 0.9852123161874812 0.45940152 0.4455309 0.7152078 0.4782794 0.59081036 0.6290023 0.3523206 0.6790934 0.58798236 0.72355086 
capture_face_88_1.020774.jpg 0.9953684548262082 0.3709156 0.40911967 0.6884859 0.43799078 0.5450073 0.5445848 0.34689748 0.6915895 0.6191141 0.71778935 
capture_face_520_0.545876.jpg 0.9961085945662819 0.39923045 0.39027277 0.70811975 0.3795696 0.572728 0.47914296 0.38659772 0.6628714 0.7064253 0.65644217 
capture_face_783_0.985975.jpg 0.9764462795006423 0.44334936 0.38482434 0.75229686 0.37714738 0.7041253 0.50401795 0.4647837 0.68842745 0.7431246 0.6864512 
capture_face_974_0.939885.jpg 0.9977664877049776 0.27039382 0.39252302 0.60816926 0.3716385 0.42833456 0.5339069 0.31721255 0.6881224 0.60972595 0.67088735 
capture_face_63_0.717813.jpg 0.9468824788191601 0.54479426 0.40665293 0.7959165 0.44938862 0.7193605 0.6196801 0.3933394 0.69533116 0.60891813 0.7499884 
capture_face_699_0.963989.jpg 0.9939734360064596 0.41744435 0.43893096 0.70716864 0.44445658 0.60038507 0.6034637 0.3712116 0.6922059 0.6440503 0.7059001 
capture_face_983_0.726638.jpg 0.980899340454979 0.47558427 0.37479028 0.7977321 0.3320585 0.82227975 0.45035446 0.5970307 0.67215085 0.84781075 0.65259784 
capture_face_80_0.950255.jpg 0.9951583857489602 0.4331262 0.39876232 0.7429274 0.3739678 0.6685893 0.5585075 0.4121088 0.64954025 0.75742686 0.6326395 
capture_face_329_0.562350.jpg 0.9980562633068985 0.2829553 0.39093745 0.6157558 0.34974948 0.45137578 0.5152556 0.33397546 0.69196135 0.645067 0.6537384 
capture_face_761_0.942598.jpg 0.9923979639097599 0.39610332 0.40213042 0.7177805 0.45229757 0.5490205 0.59739935 0.3030358 0.67884237 0.6142748 0.72931904 
capture_face_789_0.961157.jpg 0.996127520255678 0.29516524 0.4222134 0.6212157 0.42117748 0.43644914 0.5985173 0.33373383 0.68966323 0.6327632 0.6794478 
capture_face_565_0.984951.jpg 0.990002852483862 0.33966818 0.42555395 0.64148194 0.39414653 0.5024432 0.58761865 0.34908766 0.7041129 0.6301364 0.6781412 
capture_face_43_0.925773.jpg 0.9899534326047295 0.4398159 0.4301974 0.7358362 0.42010856 0.65462637 0.5713541 0.45813456 0.7132302 0.71642786 0.7084427 
capture_face_520_1.072383.jpg 0.9964691342655528 0.4087664 0.43693417 0.69922584 0.4330063 0.59936243 0.58324426 0.3946379 0.6981106 0.6765827 0.69578797 
capture_face_221_1.098849.jpg 0.29657691328094515 0.47009254 0.460893 0.66707426 0.4824217 0.50750566 0.6227169 0.3667592 0.71667814 0.5064781 0.75348186 
capture_face_800_0.506447.jpg 0.9905632894897966 0.44697383 0.43858582 0.7237859 0.433721 0.6429377 0.54078066 0.4767151 0.68239164 0.7163702 0.69185483 
capture_face_235_0.821341.jpg 0.9961298860174187 0.43320456 0.40438038 0.7371213 0.37164712 0.6575601 0.52363837 0.44649357 0.700785 0.7290317 0.6815179 
capture_face_249_0.516434.jpg 0.9897128294674249 0.30023122 0.4194372 0.62163126 0.41115996 0.44076136 0.61600107 0.34421802 0.7365808 0.6268801 0.72641164 
capture_face_198_0.991742.jpg 0.9693624846699177 0.45093775 0.41714516 0.71862376 0.44598773 0.574923 0.5944453 0.37102953 0.6882495 0.6165926 0.729773 
capture_face_647_1.074643.jpg 0.9778551902360519 0.42889112 0.44508082 0.7084632 0.45452756 0.59597945 0.5900937 0.40768632 0.7311363 0.6308711 0.7462719 
capture_face_391_0.503426.jpg 0.9969941402909638 0.3318041 0.4485542 0.64830446 0.4407325 0.49475467 0.6253898 0.36100653 0.7238319 0.64036435 0.7106599 
capture_face_834_0.943244.jpg 0.8691984329036356 0.42832315 0.3968864 0.7577535 0.3837359 0.6571345 0.56094587 0.42928192 0.7278559 0.66938585 0.7269761 
capture_face_596_0.958766.jpg 0.9918213772619556 0.37036252 0.44564593 0.68728673 0.4608209 0.5375786 0.61434746 0.32851112 0.7159673 0.6104663 0.73630404 
capture_face_198_0.902129.jpg 0.9955886560966425 0.37354183 0.38038123 0.69104546 0.3893207 0.54614305 0.5993925 0.3455506 0.706146 0.6218559 0.71747273 
capture_face_475_0.771489.jpg 0.9657414579290514 0.54186416 0.46590334 0.80314827 0.41005108 0.8206625 0.5618097 0.5674089 0.7226243 0.8005129 0.6947756 
capture_face_569_0.523585.jpg 0.9969883341327995 0.28140792 0.3474036 0.6103417 0.3300043 0.4449483 0.49943453 0.31008455 0.6832081 0.594289 0.6721541 
capture_face_53_0.947368.jpg 0.991762043543805 0.40230957 0.41286618 0.70694405 0.39708507 0.5846198 0.5726537 0.40532222 0.712564 0.6854549 0.7004684 
capture_face_173_0.536493.jpg 0.9973621990979686 0.30059716 0.43864647 0.6029882 0.39861074 0.47035939 0.5672375 0.3710419 0.7146954 0.65647733 0.67107856 
capture_face_649_1.019933.jpg 0.9966423381426038 0.35927042 0.41394904 0.6791523 0.4222113 0.52867764 0.58949375 0.3295126 0.6870155 0.64829767 0.6899804 
capture_face_875_0.900316.jpg 0.9896763988017148 0.2911259 0.42899802 0.5974761 0.4298687 0.40999827 0.6096155 0.33667967 0.6710808 0.6316435 0.66140705 
capture_face_210_1.008054.jpg 0.997017958096428 0.35376447 0.3976464 0.6783143 0.40188992 0.5012244 0.5700575 0.34821022 0.69328123 0.659319 0.6918783 
capture_face_83_0.506834.jpg 0.989541208431488 0.3200948 0.39124328 0.6258799 0.3952215 0.4234881 0.50433296 0.30358708 0.6635972 0.5824702 0.667813 
capture_face_391_0.811746.jpg 0.7670483525474712 0.52111906 0.4753061 0.77596164 0.5103844 0.6531529 0.676691 0.3481647 0.71658534 0.57621837 0.7656253 
capture_face_228_1.124321.jpg 0.9957978429979937 0.37670258 0.381557 0.702535 0.41029134 0.5556767 0.5126983 0.3561597 0.6796231 0.6404204 0.7075493 
capture_face_419_0.568586.jpg 0.9966719415480254 0.33358616 0.43051717 0.64422095 0.42411628 0.495145 0.5732927 0.36693075 0.70064867 0.63398254 0.69274616 
capture_face_178_1.026911.jpg 0.9962639247720861 0.44741997 0.42252016 0.74793214 0.42059654 0.67092246 0.5602596 0.4310402 0.7076168 0.7001101 0.7170626 
capture_face_472_0.500060.jpg 0.9973082475622823 0.3160729 0.41000402 0.69187236 0.38901487 0.5152355 0.5362756 0.3792583 0.7372323 0.6716375 0.71914667 
capture_face_266_0.771609.jpg 0.9794746739261793 0.5555566 0.4310352 0.8049184 0.38658047 0.81998944 0.5538511 0.5883545 0.7267633 0.78376806 0.7022512 
capture_face_569_1.001862.jpg 0.9965050013488905 0.3819327 0.41042033 0.699798 0.36716315 0.611804 0.5281067 0.4225607 0.6840494 0.74465185 0.64664567 
capture_face_412_1.008446.jpg 0.992960058863065 0.3740825 0.4741581 0.6922464 0.4787401 0.5220876 0.6586817 0.35076857 0.7277936 0.6131732 0.7378457 
capture_face_674_0.992580.jpg 0.9959546135013305 0.34416196 0.40332592 0.6795691 0.42785394 0.5021384 0.5681464 0.33105123 0.69559795 0.62376606 0.70705533 
capture_face_274_0.495341.jpg 0.9704473463462726 0.33195353 0.43398616 0.63496625 0.429793 0.4781958 0.6016417 0.34651744 0.7253609 0.6401921 0.7187298 
capture_face_785_0.973290.jpg 0.9971587552347635 0.36825353 0.4314695 0.6883151 0.39064854 0.5960449 0.57553446 0.41062006 0.7095651 0.701618 0.6754043 
capture_face_931_1.040223.jpg 0.9945387325079149 0.42882127 0.43905786 0.74539006 0.40997997 0.6581769 0.5606061 0.47362986 0.7487831 0.7512703 0.72878456 
capture_face_653_1.062734.jpg 0.9937617184718834 0.33322048 0.44382104 0.6768365 0.4237868 0.5448901 0.5922495 0.34543392 0.71410257 0.7057575 0.6911407 
capture_face_69_0.497077.jpg 0.9879377399370559 0.4885423 0.48055157 0.7838519 0.41108927 0.76945466 0.5665184 0.59788585 0.7474678 0.833989 0.6984623 
capture_face_914_0.931948.jpg 0.9484972135108316 0.44597748 0.4147757 0.72297037 0.42070296 0.6448972 0.57968223 0.41413185 0.6897245 0.67870605 0.7022724 
capture_face_715_0.988850.jpg 0.9955875926590113 0.3279158 0.39949688 0.66234934 0.42751274 0.47545668 0.5672519 0.32607025 0.68505174 0.60913974 0.70167565 
capture_face_100_0.543005.jpg 0.9965814790654055 0.31546396 0.46196198 0.64974153 0.4046111 0.5133199 0.60842633 0.40446565 0.7622329 0.66623884 0.7104687 
capture_face_329_0.887561.jpg 0.8276416212391309 0.5637699 0.4075457 0.80950725 0.42537034 0.7808452 0.5641428 0.49403316 0.6746546 0.7313599 0.7021153 
capture_face_884_1.061807.jpg 0.8617660238544366 0.533225 0.4724678 0.7590528 0.41796303 0.7382367 0.6058124 0.52686447 0.74285173 0.6800953 0.7209453 
capture_face_888_0.857179.jpg 0.9192692842975025 0.3920709 0.4472375 0.71855277 0.3904257 0.6147235 0.5897602 0.46113083 0.7430605 0.728152 0.69553834 
capture_face_224_0.515818.jpg 0.936645148539836 0.46991614 0.39615735 0.73986095 0.41704732 0.65586615 0.5857704 0.39988166 0.6760636 0.6829982 0.7018682 
capture_face_892_0.476444.jpg 0.9980677818325804 0.3318995 0.37216184 0.709308 0.3569819 0.548181 0.50035197 0.3504914 0.68269986 0.70031196 0.66556346 
capture_face_582_1.036852.jpg 0.9969914149429957 0.37305328 0.37834388 0.685308 0.37677386 0.5351486 0.53081965 0.35063696 0.6761536 0.6574564 0.6720097 
capture_face_221_0.915812.jpg 0.9894398982418073 0.2819649 0.4170307 0.6409839 0.43414363 0.4276163 0.61135864 0.30201757 0.7084896 0.61426556 0.7154171 
capture_face_492_1.042698.jpg 0.21839914304596506 0.4029719 0.38902545 0.6946382 0.38137257 0.52429795 0.53184444 0.4011011 0.6980531 0.625159 0.7078 
capture_face_401_0.513255.jpg 0.998430216773864 0.31670207 0.41609004 0.65914696 0.38296545 0.504269 0.54727024 0.35696468 0.7307898 0.6686374 0.69716007 
capture_face_457_0.859120.jpg 0.9961583943299562 0.30422026 0.46154734 0.63944 0.4558098 0.4709195 0.65899664 0.35265616 0.7358532 0.6510288 0.7224275 
capture_face_536_0.829079.jpg 0.9921884425284447 0.2096442 0.45396796 0.4913876 0.43513778 0.32474545 0.6391448 0.31986204 0.77107906 0.538886 0.7516863 
capture_face_15_0.934821.jpg 0.09594875783501854 0.345124 0.43487823 0.63509434 0.42202884 0.5028045 0.56026477 0.36747012 0.6961671 0.61634654 0.6886957 
capture_face_545_0.797349.jpg 0.9957673458752782 0.17632747 0.3826007 0.51230705 0.41364968 0.23095806 0.57345015 0.1884447 0.7104423 0.4568818 0.7386996 
capture_face_88_0.920721.jpg 0.9954115659674609 0.3385299 0.42650956 0.6825103 0.4441042 0.51027733 0.60069025 0.35391745 0.7392926 0.62175626 0.7475269 
capture_face_401_0.492641.jpg 0.997813367470002 0.30046272 0.41183847 0.6817076 0.39153594 0.48994565 0.5730759 0.32605982 0.7187705 0.6655694 0.69589925 
capture_face_709_1.007238.jpg 0.9972915296996097 0.3172875 0.4232621 0.6588871 0.3897279 0.50911015 0.5733936 0.36974034 0.71292055 0.66463274 0.6799375 
capture_face_15_0.973603.jpg 0.0458218765095324 0.334926 0.46308607 0.6364934 0.4246566 0.52050877 0.5679597 0.42477086 0.7289303 0.6773491 0.70558125 
capture_face_916_1.015003.jpg 0.996420131929387 0.38079724 0.42747667 0.70616555 0.38690412 0.62284446 0.5208332 0.45235324 0.71242386 0.7385755 0.67964333 
capture_face_789_0.977910.jpg 0.9959652558221098 0.32806975 0.42901734 0.6660558 0.42696062 0.49017304 0.615622 0.34045953 0.69762117 0.6707594 0.6874783 
capture_face_102_0.824008.jpg 0.8653259281876924 0.5203487 0.41739953 0.79154456 0.44650245 0.70762736 0.60052794 0.43494368 0.7050642 0.66130173 0.74806905 
capture_face_691_1.057412.jpg 0.9835432591074629 0.4163414 0.45729002 0.6962666 0.43537518 0.632833 0.57413673 0.45113194 0.71886945 0.71515834 0.7009549 
capture_face_46_0.970397.jpg 0.5414280556357685 0.47309288 0.48778775 0.7346459 0.4791563 0.63285655 0.60146433 0.46009603 0.70215774 0.6897867 0.71195185 
capture_face_924_0.832775.jpg 0.9464444676613166 0.5431376 0.43614015 0.8109951 0.39505985 0.8219818 0.5531509 0.588092 0.7418929 0.793914 0.7237466 
capture_face_880_0.906536.jpg 0.49768718012062996 0.46398345 0.38230523 0.7525767 0.3223827 0.7626745 0.511017 0.5139007 0.7034321 0.7843017 0.67470473 
capture_face_524_0.937537.jpg 0.9966794018836208 0.38338166 0.46044457 0.71463364 0.43205497 0.59883463 0.6295753 0.39354634 0.7385808 0.7008702 0.7183934 
capture_face_931_0.965381.jpg 0.9958284602055997 0.36250326 0.39211476 0.7039632 0.36896172 0.55816305 0.45836908 0.38021383 0.66641486 0.70169353 0.65468204 
capture_face_914_0.907021.jpg 0.9953604235741884 0.36854473 0.4493538 0.6879642 0.41109872 0.5804144 0.608272 0.38569245 0.72082305 0.7140752 0.6851597 
capture_face_737_0.957297.jpg 0.98114795581505 0.39940208 0.41562146 0.68663436 0.4778849 0.5280075 0.5706058 0.31169012 0.63860065 0.5987146 0.6928056 
capture_face_173_0.507507.jpg 0.997850874453931 0.342758 0.42210692 0.65728307 0.39967754 0.51487416 0.56164575 0.377768 0.71848804 0.6513075 0.6945391 
capture_face_856_1.058329.jpg 0.9946802455738277 0.33001733 0.4192366 0.6528478 0.44205552 0.4546086 0.59253424 0.34103784 0.6919401 0.5995593 0.7044524 
capture_face_971_1.093460.jpg 0.9974467546745388 0.36046192 0.42611355 0.6728724 0.39582446 0.55485636 0.54383194 0.37729055 0.6980837 0.6720298 0.66803306 
capture_face_401_1.064378.jpg 0.9921643855123747 0.45887527 0.4283211 0.72699994 0.44492736 0.6346491 0.5866318 0.39535943 0.67117834 0.6664057 0.69293326 
capture_face_264_0.549689.jpg 0.9041138618049819 0.23787361 0.5492288 0.5199704 0.47650152 0.4227483 0.6834605 0.3913087 0.81951827 0.6132562 0.7694933 
capture_face_189_0.847724.jpg 0.2974245355897195 0.47714913 0.45950207 0.6999091 0.4260627 0.64140284 0.6217558 0.47423398 0.72056586 0.6773331 0.71138734 
capture_face_419_0.934906.jpg 0.9950725651640475 0.36654043 0.43001932 0.6626681 0.3824108 0.5665364 0.57692444 0.4253719 0.71772283 0.696468 0.6751402 
capture_face_235_0.513338.jpg 0.9932252925883153 0.36081627 0.40218192 0.69580543 0.39391446 0.53749764 0.54012674 0.37051886 0.6889892 0.66063994 0.69057935 
capture_face_292_0.793597.jpg 0.9941169088238783 0.21021916 0.41282192 0.49219298 0.3802212 0.3447631 0.6071493 0.31820065 0.74295485 0.55414087 0.71289355 
capture_face_892_0.870804.jpg 0.9916833728220427 0.48927537 0.44203225 0.7798758 0.41426858 0.7144199 0.5896516 0.4726285 0.7184903 0.73786336 0.71113354 
capture_face_253_0.945379.jpg 0.9742108337678718 0.30925587 0.42758334 0.6014966 0.40791023 0.47177792 0.5930534 0.37146187 0.6926766 0.6515207 0.676885 
capture_face_874_0.959220.jpg 0.9927965921661623 0.34109908 0.38772842 0.6870292 0.4154469 0.511222 0.57801354 0.32900515 0.7046442 0.62205446 0.721495 
capture_face_843_0.871004.jpg 0.9587687320951087 0.53691024 0.41688612 0.7764751 0.4304926 0.7319493 0.55809075 0.46193546 0.69680786 0.6587695 0.7255141 
capture_face_472_0.936658.jpg 0.9966972834600997 0.28533354 0.43339056 0.6359304 0.4347432 0.44715914 0.60266006 0.32718837 0.7108102 0.6278084 0.7058773 
capture_face_916_0.475039.jpg 0.9962027569825035 0.35179302 0.37044886 0.67094696 0.32780588 0.5557921 0.48315966 0.3955859 0.7118207 0.688177 0.6783033 
capture_face_401_0.508057.jpg 0.9980941448197695 0.31651232 0.4087706 0.67123616 0.38026357 0.5014535 0.54492706 0.36397472 0.72355133 0.6693323 0.69868946 
capture_face_32_0.525951.jpg 0.9966322733853601 0.275267 0.46454117 0.6036234 0.44311333 0.42806962 0.63088286 0.33302405 0.7616177 0.583086 0.7452638 
capture_face_507_0.504670.jpg 0.9789738931207911 0.3763175 0.35615018 0.7004908 0.35535184 0.5408595 0.45769167 0.38192955 0.66446584 0.6782189 0.6694293 
capture_face_689_0.493426.jpg 0.9901213400889936 0.30593756 0.47980595 0.63964075 0.3918481 0.55081636 0.5956432 0.46451372 0.76414824 0.73375374 0.6868047 
capture_face_108_1.074888.jpg 0.17225411562629134 0.3849315 0.39356425 0.6670737 0.45409074 0.4615037 0.6066721 0.31484076 0.6884268 0.5587872 0.7486998 
capture_face_723_0.519490.jpg 0.9863638148771168 0.26980793 0.42053238 0.57235605 0.3978277 0.3941466 0.5082006 0.3086289 0.6904612 0.5569878 0.674108 
capture_face_214_0.508586.jpg 0.9886904042811859 0.28660905 0.48034728 0.62122387 0.4349389 0.49216068 0.6273373 0.37758073 0.77381766 0.62879825 0.74415183 
capture_face_817_1.034669.jpg 0.9963443890088898 0.35476506 0.41420582 0.66740376 0.39396662 0.53435373 0.55682594 0.37761217 0.68939596 0.68702996 0.66803735 
capture_face_531_1.028223.jpg 0.9919330283253924 0.47159073 0.39360973 0.77230614 0.41983858 0.67109954 0.5489447 0.4315597 0.7014697 0.68125683 0.73679316 
capture_face_697_0.933073.jpg 0.0019873590910064057 0.3040373 0.42046928 0.6140916 0.41954654 0.44986984 0.6432012 0.35234353 0.73584044 0.575048 0.74447334 
capture_face_838_0.553354.jpg 0.9614127571417945 0.4103134 0.41193777 0.68380195 0.37543833 0.6108617 0.5162012 0.49139225 0.71907514 0.71654874 0.69455874 
capture_face_699_0.943529.jpg 0.9784109695387269 0.46912935 0.40353146 0.7432265 0.42194363 0.6476282 0.5700971 0.37752688 0.6735361 0.6621332 0.70158786 
capture_face_672_0.715626.jpg 0.40726637164489604 0.24536663 0.4272239 0.517292 0.43231365 0.31562507 0.57913804 0.28439632 0.7168021 0.49641144 0.7278403 
capture_face_157_0.498595.jpg 0.9966919544463521 0.27647996 0.45701927 0.6347493 0.45664737 0.43997762 0.6295408 0.303316 0.75423086 0.59253645 0.7510719 
capture_face_50_0.959250.jpg 0.9976270612771911 0.3482994 0.47425333 0.68241525 0.42697513 0.555882 0.572369 0.39006358 0.70452356 0.6683393 0.6701472 
capture_face_268_0.500375.jpg 0.994531068366447 0.31240648 0.43277216 0.61793566 0.41080716 0.44320607 0.5749543 0.34346575 0.70946205 0.6039616 0.68777156 
capture_face_125_0.937234.jpg 0.742745979364173 0.49889243 0.423936 0.70667315 0.43644756 0.6225222 0.6092536 0.43708897 0.7042204 0.599962 0.7279823 
capture_face_625_0.937645.jpg 0.9551124014542434 0.45841762 0.38819936 0.74423504 0.39501953 0.6686122 0.5446771 0.39653385 0.66036224 0.6786931 0.6797925 
capture_face_337_0.775372.jpg 0.5369630806388656 0.26483226 0.43130416 0.52786595 0.40265405 0.41156647 0.6037852 0.3784349 0.70720875 0.61580706 0.6842296 
capture_face_216_1.060157.jpg 0.9827571885856129 0.4471837 0.41723028 0.7481471 0.44813502 0.6008875 0.5553117 0.39798 0.66449416 0.66305155 0.6949153 
capture_face_798_0.532255.jpg 0.9977187816819358 0.29884818 0.40392265 0.6355236 0.4227429 0.4336497 0.59673727 0.2975411 0.7022709 0.59566146 0.7104126 
capture_face_576_1.099549.jpg 0.9946863787170567 0.39749938 0.38694507 0.7062727 0.40429065 0.5649022 0.5365923 0.37113598 0.6763738 0.6628141 0.69635236 
capture_face_870_0.940526.jpg 0.9929467773885428 0.40445754 0.41370156 0.72066647 0.37703583 0.6560626 0.5129718 0.43228158 0.6758442 0.72174793 0.6560079 
capture_face_266_0.769296.jpg 0.8325814705491186 0.62823695 0.45440066 0.8346962 0.42676848 0.9024109 0.57360506 0.6419358 0.7402155 0.81537765 0.73305154 
capture_face_602_0.899278.jpg 0.9921204991324306 0.4402815 0.41771144 0.7432712 0.39000633 0.6998368 0.5699195 0.48099843 0.7363272 0.7310465 0.71801585 
capture_face_329_0.934261.jpg 0.9969077658572667 0.38937676 0.38431054 0.6932114 0.35330746 0.5961871 0.49981314 0.4010335 0.66749066 0.7256017 0.6432735 
capture_face_74_0.511522.jpg 0.0986648512771632 0.31585822 0.47033396 0.5915828 0.50558245 0.39563942 0.70225054 0.3104055 0.78349704 0.5116277 0.8378506 
capture_face_611_0.954881.jpg 0.9933098538597557 0.32202148 0.4112341 0.63903797 0.42717132 0.4609319 0.6038614 0.32430243 0.7063416 0.599971 0.7225452 
capture_face_482_0.496089.jpg 0.4356071054686851 0.5572738 0.47210503 0.82366467 0.43667823 0.7737246 0.6477665 0.5494538 0.79071856 0.76275116 0.77526915 
capture_face_660_0.992303.jpg 0.9948853930739979 0.38303444 0.41951224 0.691022 0.38667977 0.6282298 0.52327394 0.47342676 0.7295579 0.720696 0.70710534 
capture_face_875_0.980620.jpg 0.994090402105783 0.3267576 0.40898383 0.63971114 0.4133402 0.47459507 0.60055465 0.3225397 0.6607912 0.65023375 0.6487732 
capture_face_315_0.946126.jpg 1.1441281466429046e-05 0.46079734 0.36574656 0.7352689 0.3124159 0.690256 0.5089045 0.5135429 0.671635 0.79636484 0.6614282 
capture_face_933_0.507271.jpg 0.9965416997169898 0.4689532 0.44383 0.79843724 0.39096484 0.74371344 0.55195946 0.5382583 0.73367405 0.8167904 0.69695723 
capture_face_32_0.514634.jpg 0.9469423362042827 0.28548416 0.4364538 0.54226965 0.42393452 0.38925353 0.57975775 0.34968272 0.69158065 0.5522687 0.68227494 
capture_face_143_0.854417.jpg 0.9951210808974326 0.48845476 0.43366382 0.7768334 0.44024923 0.7023261 0.60016835 0.4363675 0.69753826 0.6728366 0.71629995 
capture_face_375_0.917454.jpg 0.996859312680384 0.26089326 0.4544733 0.5773163 0.36355776 0.47967353 0.5570945 0.38048363 0.73083025 0.68444616 0.64787227 
capture_face_531_0.535040.jpg 0.9922534609842469 0.39188904 0.35581803 0.71537644 0.32951295 0.5996431 0.47551626 0.4292303 0.673586 0.7152901 0.6615602 
capture_face_300_0.498527.jpg 0.9967685793025336 0.39974976 0.32015952 0.7444121 0.33149767 0.6020135 0.44714153 0.38312322 0.65304756 0.6937134 0.6715521 
capture_face_176_0.472411.jpg 0.9951051445508479 0.18008944 0.41687366 0.4710102 0.41321504 0.24613844 0.5636037 0.238228 0.72695315 0.4455741 0.7194411 
capture_face_901_0.530096.jpg 0.9957860221860905 0.33437732 0.46603164 0.6828693 0.43906292 0.5273908 0.5998444 0.3745947 0.7687513 0.6406796 0.7481486 
capture_face_638_0.520290.jpg 0.9967894251967203 0.22002923 0.3995818 0.54071826 0.40529144 0.2997121 0.5600779 0.2236355 0.710506 0.4942234 0.71460086 
capture_face_620_0.886353.jpg 0.9960632941182617 0.44255388 0.45098832 0.7825174 0.43073687 0.68615496 0.60657686 0.42561004 0.7137846 0.753863 0.7033347 
capture_face_759_0.905950.jpg 0.9959067258722041 0.33905193 0.44075838 0.67974555 0.40080863 0.54807496 0.5830477 0.40073663 0.7295749 0.6809215 0.6928318 
capture_face_694_0.968409.jpg 0.9972329623185484 0.2973537 0.4405357 0.622955 0.40442693 0.48471078 0.5752131 0.35269028 0.72019917 0.65030634 0.6842281 
capture_face_210_1.029588.jpg 0.9852157874906865 0.4662089 0.39362565 0.7337356 0.44026613 0.6542132 0.563774 0.39467 0.66372347 0.6230443 0.7069888 
capture_face_426_0.468439.jpg 0.9921714264694942 0.45239696 0.425266 0.7548311 0.4112747 0.66253936 0.5614455 0.45629498 0.6990108 0.7131015 0.698765 
capture_face_43_0.540129.jpg 0.9781688718570382 0.19488938 0.40153867 0.49152514 0.41949046 0.20647381 0.5449376 0.19843787 0.7031403 0.4042055 0.72185695 
capture_face_625_1.010514.jpg 0.993135572241055 0.3876998 0.35506538 0.70813984 0.3591549 0.563326 0.5215027 0.39187047 0.6918071 0.6556664 0.7020618 
capture_face_735_0.949159.jpg 0.9967084153615521 0.3115738 0.41727632 0.6529674 0.41529298 0.4679768 0.58495647 0.33713794 0.7243772 0.62978506 0.72451377 
capture_face_553_0.935580.jpg 0.9750577431095043 0.47051784 0.46480674 0.73984367 0.5084604 0.61440784 0.63732684 0.3770514 0.7059462 0.59842414 0.7560266 
capture_face_669_1.014208.jpg 0.9967519979638645 0.3665498 0.44445992 0.70781237 0.43004563 0.57083267 0.58928096 0.3761929 0.7077329 0.70131785 0.69398504 
capture_face_91_0.501328.jpg 0.9968018620829463 0.3011319 0.44195685 0.615896 0.4275816 0.4386124 0.5857136 0.33889344 0.7146698 0.59840316 0.69969946 
capture_face_178_0.785048.jpg 0.38801205506966596 0.5585952 0.4402794 0.7682741 0.43862957 0.7293243 0.61150175 0.45097366 0.7289044 0.6113722 0.7512286 
capture_face_957_0.978234.jpg 0.9797424776811733 0.3898956 0.43810615 0.67499083 0.3838964 0.61538976 0.55112886 0.46931896 0.7118437 0.72143054 0.66454726 
capture_face_669_0.985048.jpg 0.9967814894410372 0.35194737 0.44947574 0.7043972 0.43474224 0.56007063 0.6087738 0.37203515 0.72115594 0.69666713 0.70598984 
capture_face_310_0.501388.jpg 0.0010909655084702311 0.46416143 0.356366 0.70831317 0.30906358 0.7215999 0.43550605 0.5672525 0.62754357 0.79074967 0.6063995 
capture_face_822_0.928083.jpg 0.9956774020638037 0.41620064 0.4369032 0.7309293 0.41370824 0.6425166 0.54086894 0.44761324 0.70408356 0.7283193 0.68650615 
capture_face_444_0.525994.jpg 0.9976283663651878 0.3068721 0.44846588 0.62782735 0.42589802 0.48143443 0.58010024 0.36196688 0.75453895 0.6379405 0.7333698 
capture_face_76_0.517976.jpg 0.9937154540694603 0.40094253 0.41893688 0.7394511 0.40189978 0.5956941 0.58709455 0.39402696 0.7090807 0.70260245 0.69297576 
capture_face_870_0.966759.jpg 0.9889858913491228 0.43728256 0.44635177 0.7351692 0.4265284 0.6513868 0.54330564 0.42970285 0.70711553 0.6913336 0.70496714 
capture_face_796_0.504893.jpg 0.9846354941237203 0.3173475 0.37769613 0.6853823 0.3241884 0.5858223 0.4892702 0.40460816 0.69162375 0.7179914 0.65482515 
capture_face_231_0.540403.jpg 0.9927272731576084 0.19801798 0.48741314 0.5210207 0.43103272 0.34196615 0.62924236 0.31835243 0.7870846 0.56249404 0.74847066 
capture_face_862_0.976570.jpg 0.9945540611452287 0.36332387 0.42069584 0.6953131 0.42984176 0.5467078 0.5698657 0.35506397 0.69804823 0.67270935 0.70131385 
capture_face_106_0.911521.jpg 0.9820933157518434 0.3309921 0.3961703 0.62511843 0.34999004 0.5126132 0.52117515 0.39118987 0.70353746 0.67404383 0.66119134 
capture_face_622_0.524028.jpg 0.9899002796135798 0.2718519 0.41003942 0.59855914 0.37260106 0.44774792 0.5372051 0.33950785 0.71398115 0.6125775 0.6808249 
capture_face_971_0.520553.jpg 0.9942022111455169 0.24051256 0.37812206 0.57966065 0.3302775 0.3651664 0.5007233 0.30387095 0.72303736 0.5722373 0.6871209 
capture_face_785_0.967743.jpg 0.9972359260895838 0.34512052 0.43349585 0.6782891 0.37432554 0.58774656 0.5603116 0.41374108 0.7142394 0.7285354 0.662748 
capture_face_602_0.495700.jpg 0.8968080522993206 0.4826307 0.4383463 0.7708161 0.42021713 0.6893035 0.58074474 0.50888324 0.75236833 0.76602596 0.74706995 
capture_face_603_0.472465.jpg 0.969633528671585 0.53048676 0.36292872 0.83340055 0.40061966 0.7415779 0.5598049 0.43836462 0.6913422 0.7194814 0.72760063 
capture_face_188_0.506134.jpg 0.9518560073782784 0.42322254 0.48371825 0.69877344 0.5240212 0.5334276 0.68654925 0.3165701 0.7174375 0.58707964 0.76412743 
capture_face_735_0.985449.jpg 0.3743392863900315 0.46245956 0.49021804 0.6983651 0.3736976 0.75041896 0.55460596 0.6086619 0.75256336 0.8083785 0.6681896 
capture_face_672_0.721324.jpg 0.22817039753171686 0.24659467 0.39905432 0.5233856 0.42177662 0.29625577 0.5842898 0.28073427 0.7101593 0.49790502 0.73307127 
capture_face_274_0.528892.jpg 0.9911868980922689 0.31355587 0.46413842 0.6137527 0.46484795 0.44471446 0.61353856 0.34431162 0.7145438 0.59432733 0.71629 
capture_face_239_0.945099.jpg 0.9008932458738365 0.48923376 0.48910382 0.7706848 0.46881112 0.6562529 0.6410305 0.45747003 0.7439549 0.69923216 0.74398655 
capture_face_539_0.891596.jpg 0.9833457590719614 0.43193185 0.5231317 0.72834295 0.48271018 0.6192281 0.6767176 0.45810586 0.768828 0.7011995 0.7363874 
capture_face_817_0.471034.jpg 0.9969018422332976 0.4084597 0.41939119 0.7085451 0.38767543 0.61291444 0.53798944 0.4373536 0.67986876 0.7175443 0.65595376 
capture_face_277_0.479735.jpg 0.9924570214912657 0.33434886 0.45136026 0.69353044 0.45928618 0.50715524 0.6340031 0.3531525 0.74980724 0.64046127 0.7583908 
capture_face_98_0.938971.jpg 0.9970763817118447 0.3857006 0.39584723 0.7062472 0.41422626 0.5556134 0.56704146 0.33639637 0.6783906 0.6523887 0.69269425 
capture_face_567_0.956777.jpg 0.9925910131586873 0.3881904 0.43639627 0.7107772 0.42833528 0.59701544 0.5793954 0.41490546 0.7225074 0.68226117 0.7138451 
capture_face_723_0.518128.jpg 0.9936258805382958 0.38949218 0.35499772 0.7249758 0.33552834 0.59294105 0.4551155 0.41333118 0.65916044 0.72146314 0.6480695 
capture_face_239_0.505471.jpg 0.9922355037720078 0.34940428 0.4267848 0.6866862 0.3971731 0.5498153 0.57054 0.38102537 0.73043305 0.67009556 0.7109701 
capture_face_18_0.535368.jpg 0.9963335019106885 0.34796625 0.40174034 0.6858634 0.37275338 0.5218062 0.5567105 0.39444757 0.729395 0.68631494 0.70765805 
capture_face_830_0.513247.jpg 0.9912461630103623 0.23713472 0.3840113 0.5206628 0.39972204 0.29295814 0.55154854 0.277585 0.70810115 0.48038793 0.7239033 
capture_face_206_0.855335.jpg 0.9883074082456423 0.38846588 0.51956046 0.7213103 0.4768794 0.59629697 0.693293 0.45339254 0.8156095 0.7049514 0.78309005 
capture_face_298_0.818662.jpg 0.9579479018259073 0.5776334 0.43205085 0.82819515 0.42692298 0.81084824 0.56554 0.5265165 0.7283422 0.742101 0.7420931 
capture_face_277_0.951955.jpg 0.122992961347938 0.5566749 0.46848276 0.78697616 0.48653054 0.70588195 0.62843317 0.4398208 0.71264386 0.63044554 0.74984 
capture_face_164_0.517760.jpg 0.9948630928986297 0.42509505 0.43129233 0.74705076 0.38910636 0.6461282 0.5743258 0.47073203 0.72653383 0.7535017 0.6920458 
capture_face_859_0.987066.jpg 0.9958633353803956 0.35247853 0.42464295 0.69216293 0.46408758 0.51699996 0.5650335 0.31910384 0.6601752 0.63997865 0.69254446 
capture_face_117_0.825450.jpg 0.9715835873112134 0.40189308 0.423517 0.6867304 0.45955426 0.5266669 0.6182294 0.34298685 0.6987366 0.5786646 0.73492575 
capture_face_931_0.537732.jpg 0.9973326732487279 0.35362074 0.39887574 0.6857782 0.38199317 0.5509663 0.49860436 0.37184885 0.7038649 0.6747717 0.6902398 
capture_face_649_0.984318.jpg 0.9968988804477116 0.31115386 0.43135574 0.6561935 0.42728224 0.4752435 0.6145069 0.30678782 0.70035154 0.64834696 0.6902203 
capture_face_740_0.985578.jpg 0.9957587171834749 0.40128642 0.44311392 0.70431834 0.4192856 0.6046898 0.56605834 0.4195276 0.7303095 0.6824893 0.71351635 
capture_face_104_0.510406.jpg 0.9942262492499102 0.3495778 0.49605128 0.6656401 0.4674556 0.5414583 0.6217912 0.3650471 0.7446674 0.6281712 0.7322259 
capture_face_464_0.536802.jpg 0.9967837398663802 0.36447024 0.40193602 0.68241733 0.35702455 0.58262855 0.48872 0.43767563 0.7077053 0.72050923 0.6715151 
capture_face_98_0.515839.jpg 0.9956822475054852 0.43354172 0.38932973 0.779652 0.40769958 0.6280809 0.5676269 0.3862367 0.7102109 0.69152516 0.7325806 
capture_face_783_0.955650.jpg 0.9951770392235999 0.40052664 0.41826862 0.7267336 0.39429414 0.6461844 0.5528501 0.4308352 0.72481453 0.7308891 0.70274657 
capture_face_108_0.492259.jpg 0.995688865745931 0.36101228 0.46070614 0.67666024 0.44875672 0.54382247 0.6208568 0.39346662 0.74538285 0.65509593 0.73340297 
capture_face_737_0.975004.jpg 0.9965083159291618 0.37604928 0.41998532 0.7078605 0.46817484 0.50709385 0.58464295 0.26892248 0.65125394 0.61659336 0.6953979 
capture_face_534_0.990663.jpg 0.9877371919329339 0.40982944 0.39114568 0.7020465 0.34497175 0.6307454 0.50930876 0.46504822 0.6839807 0.7426162 0.65207165 
capture_face_746_0.921350.jpg 0.9935533860623849 0.37894884 0.43401787 0.7327432 0.40442723 0.62043613 0.5652832 0.41410834 0.7361526 0.7259852 0.70929885 
capture_face_63_0.852827.jpg 0.8234048325688172 0.56970537 0.4680626 0.7943344 0.45607495 0.7639355 0.64831513 0.47266212 0.7739954 0.62849104 0.78925073 
capture_face_938_1.025607.jpg 0.43766505815024265 0.324398 0.35348308 0.61960423 0.35879973 0.48410457 0.5312849 0.3429915 0.67230296 0.5971621 0.683054 
capture_face_375_0.500761.jpg 0.9950113075289663 0.19881667 0.42735618 0.5601865 0.36386853 0.38424006 0.5501851 0.2783264 0.7011788 0.61228764 0.6520358 
capture_face_224_0.521325.jpg 0.7780771053028956 0.49725655 0.3900706 0.75006795 0.40539578 0.6839285 0.5708881 0.44291893 0.69331497 0.69883436 0.7187383 
capture_face_660_1.039521.jpg 0.9729702519784789 0.5318056 0.4284388 0.8016877 0.39925382 0.7390676 0.5876234 0.4939651 0.72619885 0.7125855 0.7154126 
capture_face_812_0.518161.jpg 0.9968891659145183 0.32635882 0.46029994 0.6484298 0.40617588 0.55450964 0.57291174 0.433313 0.7536813 0.70875597 0.70595694 
capture_face_555_0.922518.jpg 0.975882057589155 0.43783122 0.45943314 0.71547 0.4664905 0.5982674 0.63502485 0.3726671 0.7224105 0.60108405 0.74215984 
capture_face_689_0.942222.jpg 0.9959719960762402 0.35615933 0.42463633 0.6807004 0.41765442 0.5668542 0.55009484 0.39074442 0.70972824 0.6805873 0.7053344 
capture_face_567_0.461189.jpg 0.9855973170385535 0.4242193 0.5350305 0.7403175 0.5145429 0.58271813 0.6932764 0.3802723 0.77452767 0.6592544 0.7716155 
capture_face_300_0.913410.jpg 0.9824336542290305 0.47215748 0.3825536 0.7653255 0.38598993 0.66556954 0.5232225 0.46945602 0.680194 0.70692855 0.7014781 
capture_face_825_0.978096.jpg 0.9936490668809546 0.40262786 0.3920773 0.697699 0.46649793 0.55431396 0.5856397 0.29710147 0.6493538 0.5575351 0.725775 
capture_face_697_1.019646.jpg 0.8964865042499336 0.3482385 0.41644436 0.6817687 0.44952253 0.4977895 0.64221853 0.31506518 0.7283359 0.55114126 0.76181746 
capture_face_308_0.779536.jpg 0.9963817856366558 0.23924078 0.40871274 0.5355142 0.37592742 0.36800775 0.61137736 0.32719007 0.7202745 0.5935149 0.68359417 
capture_face_843_0.791646.jpg 0.933092920998742 0.51672536 0.44825664 0.7738088 0.44593096 0.72503984 0.606819 0.4705721 0.738418 0.6637211 0.7502033 
capture_face_950_1.003038.jpg 0.9959438531637803 0.3949285 0.39786175 0.7017566 0.40016928 0.58273405 0.5317662 0.38406897 0.6798215 0.6786231 0.6856301 
capture_face_113_0.728082.jpg 0.4348033056754616 0.5406875 0.5129034 0.79744196 0.5099975 0.72444916 0.69193715 0.4592701 0.7740926 0.63553566 0.78039485 
capture_face_260_0.931556.jpg 0.9956662931803939 0.3518083 0.43104765 0.6889193 0.4606289 0.51953095 0.6302781 0.31378138 0.7109995 0.6140442 0.7344447 
capture_face_848_0.491327.jpg 0.9451002783720216 0.1761953 0.38773155 0.45987538 0.41515192 0.22035728 0.57303107 0.22263643 0.72502375 0.42440024 0.7469371 
capture_face_874_0.951519.jpg 0.9955773128790334 0.258416 0.39424747 0.63019335 0.41968334 0.4036746 0.59457386 0.27528888 0.7097695 0.56732213 0.73276645 
capture_face_622_1.092621.jpg 0.9961788598093884 0.39138788 0.35872412 0.72037053 0.38977033 0.5658676 0.5169724 0.35938486 0.6832658 0.65767825 0.71460706 
capture_face_160_0.490862.jpg 0.9932659836977886 0.47691047 0.46495855 0.79919505 0.41162756 0.7581728 0.5846127 0.52686244 0.76630396 0.8041106 0.7260739 
capture_face_553_0.933941.jpg 0.9949463991908166 0.3746448 0.44089204 0.6821499 0.47193784 0.51535815 0.6045093 0.30572066 0.67097336 0.58959574 0.70365363 
capture_face_636_0.520392.jpg 0.843790731729201 0.16460463 0.43949956 0.44491687 0.43234023 0.19480225 0.60639864 0.23351148 0.7803197 0.41246033 0.7768118 
capture_face_920_0.520783.jpg 0.9960739387618041 0.39566097 0.39823142 0.7090025 0.3911375 0.602127 0.5262629 0.4036855 0.69687474 0.67546356 0.69386387 
capture_face_327_0.500796.jpg 0.9832549333830942 0.18142611 0.45159686 0.5249701 0.41602445 0.3228608 0.62373745 0.31186137 0.7394179 0.5912875 0.7063707 
capture_face_812_0.495070.jpg 0.9924677066157234 0.4509294 0.4373475 0.724951 0.40232942 0.6646311 0.56530774 0.48571673 0.7399737 0.7131345 0.71671844 
capture_face_310_0.519631.jpg 0.017841083521321792 0.4583171 0.34645668 0.7005597 0.32035664 0.6829139 0.46240175 0.5302209 0.62798756 0.74738485 0.62570655 
capture_face_494_0.926434.jpg 0.9959859498747153 0.33410218 0.43874675 0.63788605 0.39645946 0.5101399 0.55081844 0.40891188 0.7230657 0.6532572 0.68532693 
capture_face_740_1.002952.jpg 0.9966497980350266 0.3676095 0.42140427 0.6863947 0.42440993 0.5463831 0.5494805 0.36705974 0.7117868 0.64306414 0.7136064 
capture_face_507_0.500014.jpg 0.7400923654436148 0.22445543 0.46116313 0.5559322 0.44099855 0.38526297 0.6600792 0.3139854 0.7637306 0.5745553 0.75205874 
capture_face_830_0.532416.jpg 0.996652166278197 0.3053651 0.3893578 0.62757915 0.34303346 0.48613074 0.47506416 0.36421737 0.68591183 0.67069995 0.6466808 
capture_face_914_0.465679.jpg 0.9908944252998544 0.38070765 0.49319097 0.730091 0.44324642 0.6047145 0.668232 0.4163261 0.78456247 0.68588084 0.7552047 
capture_face_759_0.910593.jpg 0.9964728037165694 0.39736298 0.46319056 0.7196636 0.44028577 0.6141499 0.62320894 0.38605943 0.72296965 0.66196066 0.71148205 
capture_face_830_0.474686.jpg 0.9958164022388812 0.30084386 0.37559864 0.63275874 0.41060674 0.4230711 0.54346347 0.27974322 0.6966594 0.57507294 0.7262296 
capture_face_106_1.026605.jpg 0.9931248727310612 0.3854951 0.39017904 0.6870883 0.39490587 0.54912287 0.55298126 0.35421723 0.66607165 0.65108997 0.6705192 
capture_face_368_0.896807.jpg 0.9731286090907383 0.37065363 0.44274274 0.68646264 0.48492187 0.5049753 0.6227581 0.29130352 0.7022246 0.56979173 0.75192094 
capture_face_822_0.939928.jpg 0.9945054827803448 0.40470588 0.4005707 0.72033453 0.4180135 0.5797417 0.5388161 0.40139887 0.6874128 0.6632375 0.7053087 
capture_face_691_1.029720.jpg 0.9960552516495821 0.323978 0.41888005 0.6513181 0.44218853 0.46797585 0.59240085 0.30463475 0.6977139 0.60550207 0.71637917 
capture_face_161_0.505997.jpg 0.9648358465976187 0.5130076 0.43773264 0.77683306 0.42376268 0.7229145 0.53979826 0.4931022 0.68768406 0.7643444 0.683679 
capture_face_796_0.509296.jpg 0.8841477309257477 0.4150194 0.4182794 0.71449614 0.37713942 0.65332544 0.51088196 0.42574883 0.6952781 0.6956441 0.67334163 
capture_face_170_0.546937.jpg 0.9943977312115363 0.33942324 0.4086287 0.7065869 0.3846375 0.54433835 0.5236738 0.3883021 0.7163688 0.70634735 0.694634 
capture_face_74_0.473492.jpg 0.21554892384952548 0.38595486 0.43360937 0.67420137 0.46070367 0.52460635 0.63608414 0.3670972 0.7185678 0.6236574 0.75429815 
capture_face_69_0.909350.jpg 0.14494163740110627 0.5253199 0.39864433 0.7357881 0.41988844 0.63999075 0.5627896 0.44741943 0.6738022 0.6401128 0.7037808 
capture_face_761_0.508586.jpg 0.995726331372887 0.31985095 0.40195477 0.66888046 0.38456133 0.5093805 0.5754399 0.35823175 0.7400189 0.6681628 0.7212293 
capture_face_69_0.501805.jpg 0.9582794806657023 0.49570972 0.48876914 0.8061294 0.40961772 0.7792333 0.6007847 0.60380775 0.79280734 0.82291466 0.7413511 
capture_face_63_0.846720.jpg 0.9641825478596653 0.5050037 0.4264312 0.7668866 0.45658758 0.7024325 0.6037304 0.41394275 0.6893339 0.64968276 0.7268695 
capture_face_83_0.555969.jpg 0.9958050538310668 0.2506454 0.47953588 0.51085746 0.4050923 0.382084 0.57627696 0.34052366 0.7354915 0.5875988 0.67034286 
capture_face_444_0.945894.jpg 0.9945415623746243 0.31214222 0.44932285 0.63324946 0.41609713 0.50195634 0.6182492 0.38807288 0.7741915 0.6374963 0.7400202 
capture_face_941_0.848230.jpg 0.4883591147065895 0.40213332 0.405581 0.6777539 0.39477798 0.5825886 0.5560108 0.41519517 0.65906364 0.6515302 0.65617585 
capture_face_715_1.041862.jpg 0.9886167639949903 0.3684639 0.4648905 0.6680671 0.4122634 0.5697286 0.5951758 0.4354302 0.71839863 0.6785453 0.67184085 
capture_face_834_0.951701.jpg 0.9958962030350789 0.38856682 0.4046833 0.7009094 0.37249225 0.58392584 0.52879465 0.413615 0.70972794 0.686125 0.6814366 
capture_face_884_0.997837.jpg 0.9962452305306843 0.32329392 0.40454844 0.65700877 0.43866733 0.4791508 0.5516294 0.3003359 0.6858643 0.58152676 0.71246576 
capture_face_709_0.908231.jpg 0.9971327972171694 0.33936724 0.40459344 0.6778802 0.4086798 0.52234805 0.56487197 0.34876126 0.70210487 0.6396446 0.7013997 
capture_face_104_0.716422.jpg 0.13493076693927525 0.45336568 0.459057 0.7289925 0.4571846 0.6447428 0.57033837 0.39554527 0.6889378 0.63507044 0.7040805 
capture_face_257_0.472957.jpg 0.9552669565815491 0.5022426 0.43911037 0.76602525 0.4479046 0.67136955 0.6032837 0.4482376 0.7075733 0.65786284 0.73117626 
capture_face_449_0.549612.jpg 0.990315725848342 0.4219255 0.3668705 0.7323271 0.3478581 0.6175761 0.5141566 0.40414318 0.6650904 0.71750265 0.6583607 
capture_face_464_1.050167.jpg 0.9702857080727403 0.445393 0.39519337 0.70074326 0.41868603 0.6047646 0.5510207 0.42062256 0.6695532 0.63059664 0.6993 
capture_face_723_1.082079.jpg 0.9945770549871852 0.39530444 0.41053715 0.73259985 0.41212237 0.5852864 0.5192466 0.39542052 0.69434404 0.71344894 0.7014557 
capture_face_76_0.904616.jpg 0.9791136395654628 0.455468 0.40657157 0.7527102 0.4584801 0.6156932 0.59867597 0.3674239 0.6680554 0.6585296 0.72604847 
capture_face_838_0.460123.jpg 0.9896907605708313 0.46677595 0.4544978 0.7649452 0.4242787 0.6871094 0.5908569 0.49587578 0.7428862 0.7461977 0.72381705 
capture_face_838_0.835988.jpg 0.9973415663928338 0.19715601 0.42216656 0.51360524 0.40635318 0.2403518 0.5704277 0.22852993 0.73840034 0.49325156 0.7238799 
capture_face_694_0.990477.jpg 0.9930858391109187 0.30325142 0.43886468 0.6272588 0.39804745 0.5185256 0.59217906 0.39384282 0.7128607 0.69441646 0.6703564 
capture_face_401_0.924685.jpg 0.996322851718758 0.2503411 0.4400539 0.59412867 0.40647456 0.39136714 0.5897668 0.31595713 0.7284262 0.6102607 0.6939637 
capture_face_753_0.991832.jpg 0.9830833555120458 0.28346735 0.46491808 0.6199203 0.42489618 0.48156843 0.61900866 0.35126558 0.72589815 0.6576778 0.6879358 
capture_face_46_0.492776.jpg 0.9939856849419358 0.3937641 0.4740491 0.7098561 0.4731963 0.5590268 0.6732707 0.3838109 0.74017 0.6420896 0.73953253 
capture_face_419_1.030737.jpg 0.973339982692791 0.5006471 0.4440392 0.7323481 0.4627345 0.6767627 0.5808895 0.4389795 0.6785816 0.64150107 0.7077514 
capture_face_534_0.514423.jpg 0.0008462692768509197 0.46344808 0.36991027 0.72506434 0.38614294 0.65323216 0.5621534 0.4908019 0.7322607 0.641336 0.7552454 
capture_face_834_0.519584.jpg 0.008844663173751691 0.42481792 0.4255878 0.65478444 0.42031172 0.5443158 0.57442045 0.41133916 0.74581903 0.5471836 0.7574295 
capture_face_188_0.962663.jpg 0.9740005519865303 0.3060861 0.3844517 0.6110233 0.38355616 0.4349112 0.5470702 0.32487473 0.6764282 0.600363 0.67420393 
capture_face_292_0.621308.jpg 0.01927581569854243 0.26087293 0.43252155 0.461119 0.43009377 0.33625138 0.6121324 0.3501216 0.7137542 0.50875396 0.713987 
capture_face_800_0.511169.jpg 0.04429557067104806 0.24033505 0.46356985 0.50991154 0.4470004 0.30331287 0.61819845 0.29645535 0.7617068 0.48330998 0.7633184 
capture_face_298_0.800061.jpg 0.8388480495096474 0.5382639 0.4236016 0.77146256 0.39668638 0.7433265 0.5513338 0.50594354 0.6930333 0.69371855 0.6937435 
capture_face_588_0.836688.jpg 0.9505777332766594 0.31579375 0.43887165 0.6239844 0.40582144 0.484787 0.5935216 0.40388256 0.6965112 0.6652017 0.6702673 
capture_face_945_0.526099.jpg 0.05669330437075047 0.48880553 0.49288523 0.7280908 0.4480579 0.6704406 0.60220623 0.5205986 0.6921934 0.74087703 0.673553 
capture_face_315_0.521853.jpg 0.907116313447176 0.29219568 0.4941569 0.5698081 0.4039199 0.49471277 0.5709163 0.42126605 0.7184387 0.65743834 0.6443877 
capture_face_2_0.895900.jpg 0.9257197920834844 0.43791598 0.32287103 0.7561197 0.3671369 0.640596 0.46906573 0.38812435 0.62021047 0.6916145 0.6637601 
capture_face_53_1.049738.jpg 0.00022764314758000773 0.38513565 0.37397465 0.5978562 0.3540412 0.44302 0.53581655 0.37978992 0.6655652 0.5548954 0.6789682 
capture_face_108_0.919969.jpg 0.7133223445889731 0.3508598 0.45671323 0.6349221 0.4267051 0.50741875 0.6197437 0.42131242 0.72284824 0.6911536 0.7024308 
capture_face_636_0.559380.jpg 0.0004314498727612613 0.3108207 0.37761176 0.5489894 0.4228815 0.34262586 0.5330606 0.30282772 0.6702546 0.4610675 0.72854584 
capture_face_838_0.445265.jpg 0.8174188411520873 0.5215345 0.46809363 0.7816108 0.45479307 0.75313395 0.5692837 0.54672664 0.75679433 0.7574277 0.7589034 
capture_face_803_0.519606.jpg 9.024441165446648e-05 0.50310946 0.3594545 0.7616229 0.29661617 0.75675386 0.47110653 0.6046827 0.65966606 0.78444374 0.6427607 
capture_face_180_0.976943.jpg 0.005916838160717056 0.33581918 0.35224307 0.6397218 0.3457016 0.48477626 0.4712059 0.37276602 0.637303 0.62669986 0.6545536 
capture_face_235_1.000316.jpg 0.783525560902181 0.41296154 0.3200615 0.74847627 0.3679346 0.60738593 0.4964528 0.36135402 0.6282228 0.657163 0.6841008 
capture_face_753_0.926481.jpg 0.28226324799807156 0.4218103 0.4486853 0.6970747 0.42899445 0.63948697 0.5750998 0.4236907 0.6962278 0.66255707 0.69591093 
capture_face_475_0.943553.jpg 0.7387644259103282 0.2060174 0.4413772 0.5058888 0.40720585 0.33689007 0.60415083 0.32420832 0.7142353 0.5661072 0.6888753 
capture_face_453_0.506669.jpg 0.8170446457991238 0.19255337 0.50788474 0.4909553 0.46771708 0.32758623 0.66606057 0.29417384 0.7343626 0.55328256 0.711839 
capture_face_337_0.873926.jpg 0.7721266645128214 0.2224671 0.45209384 0.52352357 0.39157036 0.4172597 0.57849777 0.34986386 0.7147765 0.6155913 0.66866297 
capture_face_689_0.955665.jpg 0.033403241978929035 0.50832784 0.37352487 0.73843414 0.43909347 0.59901863 0.60283995 0.36904806 0.6631595 0.5968962 0.735047 
capture_face_912_0.989709.jpg 0.23781695998512192 0.37551394 0.45712546 0.6499198 0.48997372 0.43716103 0.64788103 0.31662565 0.71880543 0.5093904 0.76215106 
capture_face_803_0.557753.jpg 0.0031537707714515218 0.42819664 0.38796514 0.7165563 0.3389795 0.62906754 0.5122144 0.47828418 0.6412472 0.7135788 0.6279799 
capture_face_588_0.968152.jpg 0.006201539824472652 0.5645247 0.48491332 0.80525297 0.46456328 0.76561993 0.641891 0.5102655 0.7569904 0.6776074 0.7641588 
capture_face_180_0.462009.jpg 2.2607040362221305e-05 0.37856954 0.31284466 0.6465569 0.35587022 0.5130912 0.5412873 0.40354207 0.642025 0.58966476 0.69557774 
capture_face_545_0.881857.jpg 0.23950168986630677 0.47020212 0.37220144 0.76037496 0.4009288 0.6612277 0.54758734 0.44685778 0.699765 0.6500432 0.7301907 
capture_face_945_0.931643.jpg 0.5713902324009681 0.29330748 0.46937358 0.56614107 0.43132165 0.42329058 0.6497235 0.413462 0.7406918 0.6379998 0.7130391 
capture_face_426_0.534715.jpg 0.06625528392612297 0.35582316 0.4157742 0.61272836 0.36725074 0.5320714 0.54496396 0.4402655 0.67494684 0.6949047 0.63678896 
capture_face_974_0.936083.jpg 0.6054514978136615 0.41546774 0.42204708 0.7043853 0.4072929 0.5865728 0.6075003 0.3777673 0.75131506 0.5900078 0.7616125 
capture_face_524_0.912147.jpg 0.8789227124807724 0.5162564 0.4348624 0.7434382 0.46847293 0.6615681 0.61605674 0.3801517 0.6773961 0.58309335 0.73309445 
