capture_face_268_0.511581.jpg 0.0001220926028276957 0.34721193 0.37807277 0.64622295 0.3220561 0.5627142 0.52154315 0.475734 0.6810772 0.7014214 0.64237916 
capture_face_166_0.506262.jpg 0.15532444643661403 0.4582569 0.38599306 0.7450715 0.40886188 0.679971 0.5674297 0.46269637 0.6791955 0.7220459 0.70376027 
capture_face_257_0.785341.jpg 0.9670091415395657 0.40759552 0.37877488 0.75348365 0.40320414 0.64936227 0.57260007 0.42985266 0.73434925 0.6725271 0.74373436 
capture_face_5_0.732899.jpg 0.0004658292203661081 0.47621468 0.34852016 0.73073876 0.35966474 0.7481334 0.52386487 0.49822068 0.69508946 0.65447205 0.7144618 
capture_face_57_0.836102.jpg 0.0008093606031475355 0.26085395 0.383478 0.5160057 0.43298972 0.2723829 0.5305546 0.22398174 0.691236 0.41275588 0.7232661 
capture_face_334_0.836608.jpg 0.00012122982926246566 0.43143514 0.33824944 0.6929148 0.27953893 0.69420135 0.42286325 0.60167867 0.67624736 0.80485535 0.6386081 
capture_face_313_0.840256.jpg 5.190531537801415e-05 0.40128312 0.34967923 0.6561263 0.31493133 0.5844831 0.46361297 0.4767162 0.6536692 0.68690914 0.63048935 
capture_face_536_0.527599.jpg 0.19686336870108695 0.16281056 0.48385394 0.43587357 0.42960328 0.2760515 0.6523541 0.42695445 0.7670227 0.5640616 0.72945905 
capture_face_247_0.537759.jpg 0.07192068214137587 0.39921504 0.43643117 0.5543784 0.43305653 0.48432526 0.55433196 0.45053804 0.69969094 0.5549475 0.6920148 
capture_face_345_0.547622.jpg 0.02698908942503842 0.21241394 0.3719335 0.42769152 0.3945046 0.19941738 0.47844324 0.20903283 0.68021065 0.35383105 0.6904 
capture_face_233_0.757695.jpg 0.0003869652786523178 0.6544204 0.4235634 0.813376 0.4103102 0.901609 0.58742684 0.6208757 0.7382022 0.70753616 0.7406827 
capture_face_904_0.458180.jpg 0.00010627988537963455 0.21741638 0.32021043 0.41466045 0.3585465 0.14329842 0.48421574 0.29506612 0.6624344 0.39279708 0.68054557 
capture_face_380_0.401020.jpg 0.15280889313902093 0.21363682 0.43386483 0.42630887 0.43110603 0.25609195 0.6199137 0.35092 0.78250873 0.48325425 0.77491 
capture_face_253_0.871395.jpg 0.0008123616211096609 0.26574013 0.409163 0.5345771 0.3364342 0.44652835 0.6133898 0.54885185 0.77042013 0.71720946 0.71097386 
capture_face_164_0.527280.jpg 0.003827938554390126 0.36235434 0.31803593 0.6693925 0.34358817 0.46295685 0.4904378 0.31502876 0.6576232 0.5472754 0.687263 
capture_face_5_0.768320.jpg 0.003228185463826058 0.5121701 0.33499447 0.7313767 0.32971287 0.74930423 0.484557 0.5706181 0.6609117 0.70572245 0.6632012 
capture_face_57_0.739494.jpg 0.0018202411841788779 0.43280944 0.34724596 0.7235846 0.41203183 0.5838812 0.60236084 0.29659733 0.7072218 0.51243675 0.7520158 
capture_face_247_0.524875.jpg 0.43223902549015486 0.39960366 0.4246429 0.61356616 0.45366645 0.5044456 0.59480417 0.39063236 0.72714126 0.52856344 0.75557876 
capture_face_850_0.491397.jpg 0.0034155242498260865 0.4727727 0.5259615 0.7730178 0.45156372 0.76183295 0.6827993 0.60519457 0.86128587 0.77263916 0.80182827 
capture_face_288_0.449977.jpg 0.007130999915563111 0.4496329 0.3704121 0.71982825 0.3567546 0.729351 0.5041695 0.5802062 0.6915914 0.7842635 0.6757597 
capture_face_5_0.854153.jpg 0.0006780896743795505 0.4558131 0.36530298 0.7402994 0.41250503 0.6432877 0.5878138 0.4541092 0.71239185 0.63323724 0.74459517 
capture_face_288_0.509321.jpg 0.01887486931652905 0.31334373 0.30280623 0.6070081 0.32161033 0.43980578 0.41717643 0.29632267 0.6067477 0.5415174 0.63825583 
capture_face_100_0.813006.jpg 0.007886401450878372 0.311356 0.37305817 0.6415602 0.41941577 0.37160903 0.63022107 0.20538361 0.75084513 0.45996165 0.7967527 
capture_face_313_0.910029.jpg 0.09245259712131326 0.45091417 0.39986712 0.67310804 0.4089622 0.62460834 0.5224857 0.5230052 0.67191374 0.69229174 0.68035936 
capture_face_226_0.763812.jpg 0.011691340128960462 0.4785289 0.27535015 0.78320205 0.24044032 0.7866473 0.45665693 0.5124647 0.65151316 0.74836993 0.6427903 
capture_face_239_0.631860.jpg 0.029975168580593254 0.39922005 0.376919 0.73970294 0.37053788 0.5731511 0.5884213 0.41337097 0.69162273 0.6518326 0.6909151 
capture_face_249_0.747443.jpg 0.9232533583273111 0.20771131 0.4329833 0.53941494 0.3744865 0.33344942 0.5711834 0.3242426 0.71698135 0.56218004 0.67759156 
capture_face_257_0.495284.jpg 0.002914361028034449 0.6325085 0.2946703 0.8937165 0.26609212 0.9783079 0.47125125 0.74641097 0.6955382 0.9033818 0.6658472 
capture_face_848_0.920266.jpg 0.5617478010185462 0.40600476 0.3608937 0.7736302 0.39974856 0.62050754 0.5482098 0.4606482 0.7141994 0.70131814 0.7385627 
capture_face_953_0.440054.jpg 0.00015567567041636248 0.2235753 0.3748784 0.41201854 0.39827096 0.11412646 0.59456 0.30494073 0.7707023 0.42005387 0.79002404 
capture_face_551_0.522500.jpg 1.794683949846996e-05 0.26578775 0.3299369 0.5394516 0.33816826 0.24114236 0.47687453 0.31695545 0.68643415 0.4830293 0.6958649 
capture_face_380_0.533668.jpg 0.001243256619047702 0.42796487 0.3905714 0.6625144 0.28866303 0.69713265 0.49366808 0.6337429 0.7338973 0.8126731 0.6527771 
capture_face_334_0.801110.jpg 0.00028414141945981634 0.44408697 0.4113551 0.7090506 0.33969933 0.70836544 0.49583814 0.6015471 0.7380429 0.79843664 0.69480693 
capture_face_563_0.672254.jpg 0.016668656904708038 0.42148894 0.36223465 0.76544136 0.40586394 0.5495624 0.60245365 0.4075033 0.7282815 0.65889126 0.768576 
capture_face_302_0.657672.jpg 0.0006936807562949285 0.25399813 0.40956545 0.5131921 0.4264266 0.2660742 0.6048054 0.35490984 0.7865655 0.53587455 0.79342556 
capture_face_196_0.713727.jpg 0.0003796548385090502 0.5196878 0.43884075 0.77078557 0.41066074 0.7590788 0.6285478 0.51463956 0.7747778 0.6842685 0.7567936 
capture_face_7_0.469555.jpg 0.0011002895378609335 0.5336923 0.37056094 0.8266798 0.4015199 0.7539267 0.6083192 0.45271978 0.71087444 0.66569203 0.7357656 
capture_face_551_0.835094.jpg 0.0016407906319507522 0.2257109 0.42487612 0.4908005 0.4092818 0.21236718 0.56820863 0.35342893 0.7461569 0.49925134 0.7343644 
capture_face_166_0.406398.jpg 8.401766569879519e-05 0.615536 0.4321368 0.805388 0.40241402 0.84176165 0.59604454 0.6164179 0.72176063 0.72523713 0.70877385 
capture_face_180_0.907463.jpg 0.07016292477025399 0.41511193 0.35022354 0.6833938 0.41239977 0.4792483 0.62570184 0.27000746 0.6989704 0.5222901 0.765313 
capture_face_21_0.474817.jpg 0.09051976679792592 0.18483472 0.40563348 0.44311327 0.38663876 0.21330789 0.5530104 0.25809884 0.73170775 0.42290357 0.71507215 
capture_face_494_0.440184.jpg 0.0971135787172842 0.5367633 0.33964154 0.7528101 0.31448904 0.78364563 0.5029292 0.5970846 0.7194603 0.7321838 0.70622253 
capture_face_302_0.902426.jpg 0.15175054395045115 0.3305014 0.46312845 0.5679887 0.39437604 0.44826433 0.5979652 0.50893444 0.752764 0.65372425 0.6929592 
capture_face_173_0.454547.jpg 0.0036017233490003757 0.24152914 0.3351312 0.660352 0.29021215 0.5498189 0.54209447 0.3788642 0.7260412 0.7128816 0.7100736 
capture_face_850_0.800504.jpg 0.022605431550281746 0.45050094 0.33887815 0.74471235 0.38111675 0.6523599 0.53654325 0.47207987 0.67677647 0.6825296 0.7051486 
capture_face_245_0.870820.jpg 0.016171487451249238 0.36979273 0.39276317 0.692171 0.41447634 0.54195726 0.58797175 0.43498358 0.74918205 0.6645451 0.77081776 
capture_face_825_0.476089.jpg 0.9970605011874596 0.5018863 0.45998052 0.8361265 0.5028533 0.6861297 0.71411735 0.42116764 0.7573253 0.6500109 0.79815245 
capture_face_151_0.532443.jpg 0.998965619162554 0.37866002 0.41187352 0.67835224 0.40722513 0.54373 0.5513942 0.3961275 0.6816089 0.6669718 0.6742946 
capture_face_492_0.446123.jpg 0.9978483818137351 0.38118362 0.47090128 0.7260862 0.44110626 0.6037011 0.64464664 0.46900502 0.75999254 0.7320958 0.7305248 
capture_face_611_0.967194.jpg 0.9962705507475644 0.40008095 0.4628113 0.69101423 0.45473236 0.56577843 0.63384724 0.40223804 0.7274615 0.6453127 0.71924555 
capture_face_862_1.058827.jpg 0.9973765476318007 0.4186122 0.41011578 0.70772654 0.45878708 0.5586754 0.61495215 0.39176872 0.70627725 0.61263806 0.74310064 
capture_face_444_0.515621.jpg 0.9984535090395271 0.35650575 0.4488835 0.69868547 0.4138909 0.556206 0.5965018 0.43900338 0.78840894 0.7082013 0.7595278 
capture_face_677_0.954313.jpg 0.9990674617022123 0.37452427 0.40056747 0.7025392 0.40953988 0.56351775 0.5915235 0.3779181 0.7160137 0.67839074 0.7241777 
capture_face_569_0.526359.jpg 0.9989933382644237 0.36167073 0.43263674 0.67589796 0.40712345 0.56323224 0.5692193 0.42478856 0.72111714 0.67767876 0.70499337 
capture_face_95_0.852775.jpg 0.998612662319342 0.24956167 0.36000136 0.53321147 0.3999635 0.27258343 0.5341827 0.22774442 0.6648759 0.45706287 0.6982343 
capture_face_428_0.859912.jpg 0.9975053471710323 0.46265143 0.44238222 0.75858647 0.4167115 0.69668734 0.5888677 0.51020586 0.7209044 0.76129323 0.69583356 
capture_face_50_0.500249.jpg 0.9991945560469639 0.33622754 0.4606739 0.6666523 0.43284822 0.5032517 0.60965204 0.38467804 0.7242423 0.66436565 0.69939137 
capture_face_576_1.021850.jpg 0.9990172516869401 0.3505225 0.41445693 0.68145174 0.42362046 0.5173438 0.5840647 0.3588703 0.6747126 0.6672711 0.67769074 
capture_face_880_0.505023.jpg 0.9640334036118063 0.36615327 0.5368177 0.70393574 0.4928187 0.57809514 0.7190829 0.4713396 0.8130023 0.7010495 0.77141964 
capture_face_904_1.043637.jpg 0.9992471644783613 0.40434745 0.45943746 0.6962677 0.3954308 0.6367926 0.5761429 0.5019567 0.72714275 0.7301965 0.6730403 
capture_face_204_0.538847.jpg 0.9029666461536872 0.20854136 0.4325407 0.46969163 0.39557034 0.31755057 0.6149767 0.3586069 0.73796403 0.58749115 0.70642626 
capture_face_7_0.511678.jpg 0.9407810698242679 0.24309283 0.46620536 0.53271043 0.51975125 0.32382706 0.64038074 0.27269945 0.72148585 0.5051635 0.75423026 
capture_face_428_0.918130.jpg 0.9950903891294848 0.44170347 0.46439692 0.7176304 0.41673398 0.68419486 0.58980566 0.53036493 0.71522605 0.77417636 0.67134845 
capture_face_840_0.938854.jpg 0.9982629246817137 0.38335013 0.41179267 0.7134309 0.44372827 0.5560317 0.6371287 0.33546588 0.6793967 0.6371135 0.7082827 
capture_face_160_0.788901.jpg 0.9978793626549185 0.43068907 0.3743515 0.7436203 0.36261696 0.6580315 0.51151127 0.48543242 0.68314046 0.7319604 0.6727184 
capture_face_189_0.535854.jpg 0.9989317159147892 0.35520434 0.3780753 0.68848115 0.37315935 0.5283237 0.52040315 0.3908259 0.6941801 0.6606739 0.68730724 
capture_face_539_0.440353.jpg 0.9881110166157413 0.41334736 0.4877142 0.70688444 0.53609025 0.5695798 0.6858157 0.4359894 0.75844574 0.65061677 0.78587735 
capture_face_204_0.512823.jpg 0.9988978149681872 0.19827926 0.46881926 0.52429163 0.42933547 0.34943235 0.6296863 0.29924253 0.77069306 0.57370067 0.73968494 
capture_face_176_0.518734.jpg 0.9988425078369757 0.22514209 0.41591278 0.52392006 0.43173307 0.30906904 0.598285 0.26195666 0.7111306 0.49800783 0.72052884 
capture_face_257_0.822930.jpg 0.07401399818426505 0.50216013 0.5392104 0.769931 0.54608387 0.64239234 0.797568 0.46989417 0.81632185 0.6300116 0.82268333 
capture_face_368_0.514895.jpg 0.9989989298576851 0.36998734 0.43059373 0.7127299 0.4417268 0.5365845 0.6079928 0.3838695 0.6966385 0.68034476 0.703642 
capture_face_981_0.483321.jpg 0.9988034991784996 0.3747992 0.40874353 0.7029233 0.44550812 0.5706971 0.5654754 0.34836784 0.67594564 0.631042 0.7016736 
capture_face_260_0.849212.jpg 0.9990794795397088 0.26319087 0.42554516 0.6115459 0.4401117 0.4230759 0.641936 0.3183963 0.7061436 0.60763276 0.7130325 
capture_face_442_1.065723.jpg 0.9991313618395453 0.38971657 0.42386746 0.7129486 0.4360997 0.5852137 0.59100586 0.39902857 0.71404606 0.68068767 0.7246262 
capture_face_856_1.010969.jpg 0.9988334689741684 0.3740707 0.4163933 0.6922297 0.4021126 0.58537775 0.5635857 0.40015844 0.6846767 0.68078935 0.6738943 
capture_face_106_0.520784.jpg 0.053730325800974754 0.19505301 0.44099855 0.42133653 0.39844936 0.18802214 0.5569212 0.27869597 0.76719356 0.4265151 0.7287259 
capture_face_426_0.920764.jpg 0.9983362268862879 0.24398723 0.4348505 0.57278275 0.41454786 0.40884107 0.61724776 0.3178862 0.72268814 0.5944034 0.7051176 
capture_face_345_0.490312.jpg 0.9977604351956488 0.29453304 0.4736013 0.6837461 0.5001586 0.49009427 0.7063125 0.2916219 0.7797064 0.5667683 0.7981901 
capture_face_214_0.500174.jpg 0.991713972021932 0.24427515 0.51684135 0.615289 0.4923473 0.46087208 0.73883176 0.37799716 0.81608915 0.6657362 0.79046214 
capture_face_515_0.921692.jpg 0.9977988876799919 0.33012098 0.50448626 0.6295491 0.46322978 0.4871852 0.65060496 0.3887272 0.72986215 0.6478265 0.6911826 
capture_face_391_0.895996.jpg 0.9989627640634784 0.38728485 0.44347608 0.7083893 0.4504422 0.5710796 0.6163806 0.394398 0.70977664 0.6576688 0.710567 
capture_face_298_0.465426.jpg 0.9988621322470006 0.2985096 0.3829178 0.6565715 0.39711607 0.45904526 0.5646317 0.32064444 0.7031304 0.61351144 0.7181691 
capture_face_228_0.868431.jpg 0.9989050707667232 0.27534145 0.46703076 0.62194973 0.4331236 0.452322 0.6816917 0.37776458 0.75525427 0.66050214 0.7214798 
capture_face_515_0.834404.jpg 0.9873543528366019 0.46068442 0.48322323 0.7820083 0.50147974 0.6379381 0.6780617 0.40355873 0.7402864 0.6483092 0.7579584 
capture_face_672_0.906455.jpg 0.9988831847441536 0.46975976 0.47037342 0.7676027 0.4655863 0.7158045 0.610095 0.5083572 0.72952825 0.718769 0.72633886 
capture_face_920_1.029690.jpg 0.9988169377930269 0.4522097 0.423619 0.7412612 0.42678463 0.6584656 0.5878992 0.48488763 0.70916593 0.71101177 0.7130065 
capture_face_2_0.449315.jpg 0.6680697131347099 0.40135533 0.5269732 0.7224369 0.45355558 0.64528406 0.66479754 0.5646657 0.7973336 0.76153165 0.74750495 
capture_face_345_0.530005.jpg 0.9956739748286509 0.19589004 0.5005704 0.52577627 0.5346125 0.3081023 0.75880164 0.25932208 0.8180389 0.4934813 0.8330716 
capture_face_482_0.941445.jpg 0.9978414974436031 0.40337643 0.399928 0.71756786 0.3519616 0.6660041 0.5207949 0.5211767 0.7053428 0.7530862 0.6614047 
capture_face_166_0.890509.jpg 0.9974998908989251 0.5236821 0.43836302 0.7889855 0.41938406 0.7649889 0.56638116 0.5790201 0.716523 0.79094493 0.6943319 
capture_face_539_0.899105.jpg 0.9992331191514615 0.34528482 0.4772121 0.6655674 0.39772707 0.57756937 0.60416204 0.4732031 0.7554576 0.73720485 0.68174624 
capture_face_660_0.453976.jpg 0.9983267219411739 0.45117867 0.4124186 0.758225 0.40615833 0.6627719 0.59868985 0.45759997 0.71783715 0.7175687 0.7151983 
capture_face_257_0.930363.jpg 0.5066596024544514 0.4557555 0.50284266 0.7163854 0.50995076 0.5986157 0.7269353 0.46088138 0.7650825 0.6715282 0.7613263 
capture_face_555_0.842740.jpg 0.959831975214605 0.3437531 0.545266 0.6370126 0.51778144 0.49647644 0.71245253 0.4146803 0.7205488 0.6489412 0.69445896 
capture_face_7_0.906183.jpg 0.9905289014982849 0.36224046 0.3530274 0.6965285 0.3786748 0.5290534 0.52020025 0.33334213 0.6461046 0.6455634 0.6808052 
capture_face_264_0.484950.jpg 0.9975382046802889 0.31193516 0.5341075 0.6310551 0.46152383 0.52699846 0.6751275 0.4235341 0.75977 0.7017161 0.7049545 
capture_face_113_0.469056.jpg 0.9915772867716652 0.46607885 0.47555414 0.7705924 0.46644586 0.6773289 0.6625779 0.4555453 0.733384 0.64990515 0.72719204 
capture_face_582_1.018706.jpg 0.9991160107812859 0.35969073 0.38910896 0.6783256 0.38227534 0.5336868 0.57649535 0.3760054 0.6706756 0.67858183 0.6630907 
capture_face_494_1.071556.jpg 0.9989797759365501 0.40387693 0.38667205 0.71288997 0.38122088 0.6075919 0.541394 0.4400942 0.6855546 0.70173174 0.68343854 
capture_face_449_1.042308.jpg 0.9987681799424071 0.3419756 0.38223988 0.6742554 0.40438867 0.5046342 0.5771367 0.33059576 0.6706566 0.6415525 0.6919646 
capture_face_15_0.922468.jpg 0.9979577135957125 0.32584137 0.42097262 0.6548112 0.42502445 0.47009256 0.5611971 0.33532426 0.70115674 0.6283413 0.7043394 
capture_face_2_0.501510.jpg 0.9980921259832214 0.440739 0.49161568 0.7592166 0.43516546 0.6753202 0.66984844 0.515663 0.78667426 0.75502473 0.73302543 
capture_face_672_0.510709.jpg 0.9988177702854676 0.398885 0.41649783 0.7335929 0.39507776 0.6113133 0.5878852 0.4191556 0.6840231 0.6840928 0.6696526 
capture_face_375_0.919378.jpg 0.9877348658677207 0.37640765 0.3366554 0.75131214 0.34415382 0.62563056 0.47836956 0.4596847 0.67506766 0.72049814 0.6841754 
capture_face_412_0.948637.jpg 0.9987674664482269 0.28903422 0.43348667 0.6460883 0.457147 0.46990445 0.6181431 0.32902697 0.71914196 0.6277479 0.7344508 
capture_face_507_0.959289.jpg 0.9982474815058545 0.39382344 0.43794623 0.7101308 0.39320934 0.65851176 0.56243724 0.52365553 0.7429473 0.76127636 0.7012764 
capture_face_120_0.405231.jpg 0.9947228253013627 0.5998805 0.3820674 0.8543336 0.40101683 0.8453779 0.5529433 0.60214776 0.7066574 0.77837896 0.719406 
capture_face_125_0.868115.jpg 0.9987225183699001 0.45428917 0.45000425 0.78637815 0.41003883 0.6949958 0.6461278 0.509388 0.7638862 0.75630665 0.7278564 
capture_face_257_0.543577.jpg 0.9973051647936847 0.52417046 0.47132048 0.8106326 0.4387408 0.74333143 0.6359741 0.57603693 0.76386434 0.7838653 0.73950005 
capture_face_216_0.828426.jpg 0.8632421242326135 0.5408172 0.42884126 0.7584729 0.36893493 0.7664772 0.56939805 0.56378585 0.7153599 0.7253236 0.6771436 
capture_face_161_0.528099.jpg 0.9992635908700516 0.3429975 0.42768684 0.673763 0.40849584 0.5155505 0.6132826 0.4230495 0.7231016 0.6901451 0.71052074 
capture_face_981_0.874644.jpg 0.4718616890704099 0.45175764 0.4975415 0.7180731 0.4649154 0.68185747 0.63654435 0.4880671 0.7581286 0.7005164 0.7339169 
capture_face_189_0.508707.jpg 0.9991681348974557 0.30993629 0.3673692 0.6577697 0.35335523 0.46438673 0.5210241 0.34864244 0.694659 0.63257337 0.68403125 
capture_face_817_0.471993.jpg 0.9989748983472617 0.3720064 0.4278445 0.6925928 0.3851667 0.5782563 0.5746434 0.45335713 0.7035701 0.71638054 0.6656848 
capture_face_18_0.514466.jpg 0.9833003441301763 0.2620321 0.44262004 0.5762345 0.41641653 0.35811213 0.5496303 0.30983368 0.7093208 0.57626224 0.68717873 
capture_face_95_0.873037.jpg 0.9987901798465942 0.24977466 0.35449475 0.5300473 0.38650948 0.26312047 0.5243696 0.22259851 0.6760271 0.44355533 0.70644855 
capture_face_647_0.537825.jpg 0.998978348344511 0.344773 0.40565124 0.66392195 0.4070235 0.50745136 0.5733557 0.36720264 0.69863623 0.62324315 0.7011266 
capture_face_950_0.506240.jpg 0.998295356906375 0.31279963 0.40371117 0.64234966 0.38840795 0.45245108 0.51927596 0.33632377 0.70013386 0.62430173 0.6952323 
capture_face_798_0.519593.jpg 0.9991554008784737 0.31434366 0.4177686 0.65241027 0.43696648 0.4562639 0.5980798 0.32445753 0.70340365 0.60927576 0.71906304 
capture_face_746_0.858950.jpg 0.9986470194606578 0.41793346 0.4417049 0.7425207 0.38858664 0.67993206 0.582037 0.49166372 0.7256996 0.75832266 0.6781504 
capture_face_206_0.528948.jpg 0.44935063682854726 0.45650432 0.43309218 0.72968143 0.38866836 0.64791393 0.58802605 0.50363433 0.73881286 0.7060414 0.71253645 
capture_face_151_0.896096.jpg 0.9978286785247575 0.40597197 0.39422184 0.7131852 0.42657793 0.5721978 0.54204535 0.40742174 0.67601126 0.6526259 0.7025695 
capture_face_515_0.565985.jpg 0.9988794975195338 0.34556028 0.43369237 0.6390841 0.39687878 0.5137323 0.54959726 0.40854567 0.7294279 0.6627033 0.7006701 
capture_face_901_1.084884.jpg 0.9979755223436687 0.35469747 0.37576368 0.68008304 0.3909238 0.5157457 0.5555867 0.36795357 0.6912624 0.6465809 0.7057749 
capture_face_117_1.034817.jpg 0.8261796040219463 0.43495914 0.415735 0.7175635 0.4406501 0.5668599 0.6464344 0.41759345 0.7276286 0.6230481 0.7446383 
capture_face_102_0.865462.jpg 0.7735083910079988 0.45819423 0.4318213 0.74300843 0.45232707 0.6620929 0.6188942 0.4742381 0.7073055 0.69557244 0.7307131 
capture_face_143_0.505282.jpg 0.9991351699270201 0.30031228 0.47035393 0.62148625 0.40434945 0.45803633 0.58270097 0.39237955 0.7455666 0.62985116 0.6920817 
capture_face_300_0.541357.jpg 0.9982825263238067 0.4169439 0.39407623 0.7257486 0.42071956 0.5866333 0.5316167 0.4356794 0.69088376 0.67695504 0.7152606 
capture_face_315_0.981691.jpg 0.9973930311678189 0.4823397 0.5130578 0.7510342 0.4613037 0.70644206 0.6306151 0.51293933 0.720304 0.73135287 0.6892636 
capture_face_91_0.552218.jpg 0.9989285041474916 0.36789456 0.44705772 0.6715041 0.39628065 0.55011624 0.570119 0.4534264 0.7128508 0.71228343 0.6660553 
capture_face_882_1.034850.jpg 0.999175870674944 0.3766178 0.42083585 0.6975972 0.38729042 0.6068343 0.5564713 0.45780507 0.7128867 0.7321597 0.6802933 
capture_face_735_1.007635.jpg 0.9984258198864676 0.324725 0.40277803 0.6592321 0.4092422 0.4848754 0.58051383 0.35361204 0.7216487 0.6265111 0.7227088 
capture_face_672_0.418752.jpg 0.9978678484778265 0.44772646 0.43655172 0.7578675 0.4137293 0.6664445 0.5990385 0.46503398 0.7173788 0.703116 0.69752705 
capture_face_565_1.015247.jpg 0.9989396859450752 0.33509484 0.39744523 0.66843134 0.3832078 0.5037212 0.5683877 0.37597927 0.67843527 0.660625 0.67051685 
capture_face_677_1.017220.jpg 0.9986337043018018 0.393756 0.36284572 0.6937444 0.392699 0.5772029 0.5714837 0.3498917 0.66449964 0.6448097 0.6935886 
capture_face_638_0.527074.jpg 0.9988803301162621 0.23592645 0.40258485 0.5538073 0.41766697 0.30920604 0.55023456 0.2507089 0.6937236 0.50280434 0.70308197 
capture_face_507_0.503287.jpg 0.995038453527196 0.36624792 0.45705655 0.6181264 0.43328547 0.4729877 0.5949797 0.40553278 0.73187464 0.62627465 0.712831 
capture_face_840_0.932896.jpg 0.9950214575984097 0.40268734 0.46036652 0.73698443 0.49508947 0.5743568 0.6930813 0.33264977 0.68332595 0.6337278 0.7153181 
capture_face_620_0.469958.jpg 0.9986139699873254 0.3640935 0.4544462 0.6944674 0.44823658 0.55340385 0.60335636 0.39017224 0.7203501 0.6643646 0.7168766 
capture_face_80_0.735519.jpg 0.9989241028702935 0.47906032 0.42989105 0.79547524 0.37713808 0.73348534 0.6046285 0.499646 0.7372962 0.7684178 0.7004237 
capture_face_945_0.723298.jpg 0.7506656887601241 0.50264484 0.5452077 0.7827123 0.50191605 0.7348544 0.7402706 0.4684013 0.8118073 0.63950175 0.78378344 
capture_face_21_0.957139.jpg 0.9985415778860736 0.39762107 0.40851486 0.7264763 0.4358967 0.57273495 0.62279093 0.35287052 0.6747515 0.6345214 0.7051208 
capture_face_596_1.016316.jpg 0.9907305848654314 0.42796457 0.45311144 0.71038336 0.473727 0.59391683 0.6262815 0.35229003 0.675521 0.6066173 0.7112167 
capture_face_765_0.724401.jpg 0.9125275027472832 0.2007513 0.3763581 0.4950891 0.3742833 0.2485418 0.5754359 0.30173254 0.7336319 0.5292922 0.72030056 
capture_face_188_0.464997.jpg 0.9991446902727069 0.3486423 0.38875917 0.69299036 0.4046489 0.52185327 0.5880372 0.375708 0.71404713 0.63826907 0.7252823 
capture_face_653_0.995526.jpg 0.9990691275238125 0.3306466 0.46126556 0.6630907 0.449463 0.50209725 0.63556206 0.34391323 0.71754277 0.6776663 0.70313776 
capture_face_981_0.916525.jpg 0.9984869044388263 0.424964 0.4170963 0.73384404 0.440912 0.62808526 0.58796024 0.41916162 0.6846867 0.6702374 0.70051694 
capture_face_442_0.535823.jpg 0.9989245786821749 0.26631802 0.3982646 0.5580315 0.3918895 0.3766963 0.5407627 0.2833806 0.69008833 0.541268 0.6881794 
capture_face_472_1.024328.jpg 0.9989166088929524 0.44705197 0.44340461 0.7367575 0.4346407 0.6562057 0.58254784 0.46168807 0.68908733 0.7157046 0.68514335 
capture_face_957_0.541918.jpg 0.9992338333110979 0.35199195 0.44153538 0.68584263 0.37735438 0.5807847 0.58399844 0.49230784 0.7510827 0.73927915 0.69502616 
capture_face_912_0.783394.jpg 0.5173577982828271 0.32569647 0.4694447 0.6466171 0.4987253 0.43194512 0.721072 0.33441666 0.7496775 0.5695013 0.76679146 
capture_face_941_0.910518.jpg 0.9975261052734722 0.3705192 0.3889955 0.7058254 0.37037528 0.5874507 0.5996369 0.38452718 0.67316616 0.7225687 0.6534594 
capture_face_938_1.002592.jpg 0.9633717865530488 0.3263166 0.363277 0.6361456 0.3582806 0.48926818 0.54104733 0.36944464 0.6886044 0.63202405 0.69032717 
capture_face_231_0.517268.jpg 0.5097900799172338 0.35725835 0.51166576 0.6301563 0.40154135 0.6020522 0.60148513 0.52773917 0.7537385 0.7517561 0.6730089 
capture_face_100_0.468947.jpg 0.9978240495516719 0.3073009 0.48515236 0.6622509 0.44259262 0.4598292 0.639385 0.41354677 0.80000925 0.6637619 0.7676848 
capture_face_308_0.894973.jpg 0.9987696069338257 0.2898373 0.42658693 0.5745694 0.3866936 0.4501612 0.5964337 0.39322904 0.7070328 0.654699 0.6702819 
capture_face_457_1.122979.jpg 0.9965338862895643 0.44181606 0.4530665 0.7211807 0.4746173 0.6013038 0.6171092 0.4060548 0.69776964 0.6540959 0.71949613 
capture_face_882_0.499496.jpg 0.9935812763538163 0.1768252 0.4158479 0.4281608 0.43360418 0.18183829 0.5870427 0.22088528 0.73444885 0.36701226 0.74376726 
capture_face_620_0.506409.jpg 0.98208756687411 0.4077673 0.506038 0.70457363 0.4918813 0.574907 0.6547263 0.43271235 0.77916 0.65883803 0.77188754 
capture_face_974_0.468487.jpg 0.9991318378488921 0.27435353 0.4047089 0.61210346 0.3843764 0.4048003 0.5330777 0.3198916 0.70542675 0.59413904 0.6906569 
capture_face_888_0.929928.jpg 0.9953205054504324 0.45059016 0.51512575 0.76303214 0.48651874 0.6852177 0.6586982 0.56196773 0.8076861 0.7794402 0.7725549 
capture_face_933_0.953979.jpg 0.9987325064821233 0.45696566 0.44033748 0.7729262 0.41800553 0.71111554 0.57598186 0.5095452 0.70908195 0.7693087 0.6893443 
capture_face_859_0.970571.jpg 0.9989959555981579 0.359125 0.43615636 0.6768398 0.47732145 0.50771594 0.5867794 0.3166071 0.6508965 0.6283149 0.69005525 
capture_face_759_0.536409.jpg 0.9984551728143742 0.3989943 0.4508863 0.7229107 0.41586423 0.620071 0.6018391 0.47442794 0.74213725 0.7096962 0.70751476 
capture_face_102_0.832379.jpg 0.9931679073262017 0.44528517 0.4503549 0.78209853 0.44068658 0.66148007 0.6330698 0.4769788 0.73416215 0.72587436 0.72498536 
capture_face_838_1.038448.jpg 0.9989011454855751 0.4538406 0.4585878 0.75196254 0.42601866 0.68727154 0.6045517 0.5072411 0.7502763 0.7389021 0.72431827 
capture_face_924_0.951662.jpg 0.9986595027445669 0.44371054 0.43318 0.75311637 0.42192966 0.6495776 0.6069533 0.45391098 0.73533714 0.71792215 0.7298815 
capture_face_674_1.002273.jpg 0.9991479034303259 0.33720967 0.4073204 0.6879166 0.40988767 0.52419215 0.5781999 0.36237162 0.6962388 0.645852 0.6980674 
capture_face_524_0.506409.jpg 0.9984131047813832 0.35703206 0.51177883 0.68850654 0.50688154 0.53580725 0.6866749 0.38991153 0.77451414 0.6374062 0.77984226 
capture_face_161_0.883486.jpg 0.998918036308539 0.41780415 0.44434932 0.7368003 0.4249097 0.6225288 0.58855575 0.45898646 0.72467315 0.7011103 0.7061914 
capture_face_53_0.467626.jpg 0.998573909350155 0.28842413 0.36751246 0.6521895 0.32562655 0.49251893 0.49069253 0.37483445 0.7313405 0.68255997 0.70243156 
capture_face_368_0.979262.jpg 0.9974614614557482 0.4699133 0.4685976 0.75197816 0.50201327 0.6564617 0.6693554 0.39053842 0.70618224 0.623484 0.7418294 
capture_face_88_1.020774.jpg 0.9991579000528605 0.3762977 0.40909138 0.690946 0.43975896 0.5415382 0.5531797 0.3664045 0.6886651 0.6293715 0.712487 
capture_face_520_0.545876.jpg 0.9989660950139867 0.39963248 0.3880497 0.7160981 0.38330263 0.58261794 0.5065263 0.4031095 0.65229297 0.71212286 0.65019476 
capture_face_783_0.985975.jpg 0.9973368233629073 0.43771273 0.40424305 0.7433669 0.37860948 0.68106586 0.5197099 0.49111682 0.6891334 0.73631614 0.66889966 
capture_face_974_0.939885.jpg 0.9992226449274068 0.27062148 0.3864085 0.6138682 0.37530363 0.42839906 0.5549726 0.32863334 0.67704 0.62277967 0.6681713 
capture_face_63_0.717813.jpg 0.9939561231221894 0.5117612 0.40939105 0.7905497 0.41275924 0.71340764 0.6465624 0.43241245 0.7174743 0.63212126 0.7280135 
capture_face_699_0.963989.jpg 0.9984289095870793 0.40005836 0.42240185 0.7165139 0.46866918 0.56494117 0.62581086 0.33914006 0.68315476 0.6219376 0.72586226 
capture_face_983_0.726638.jpg 0.9970902479565172 0.47142738 0.3728862 0.7783582 0.34750998 0.8076463 0.47088385 0.61371315 0.6707586 0.8219643 0.65530133 
capture_face_80_0.950255.jpg 0.9991319568512997 0.4219438 0.41036725 0.736465 0.36007494 0.67829156 0.5728782 0.46164155 0.6686166 0.7664266 0.62852645 
capture_face_329_0.562350.jpg 0.9989221996273009 0.29043296 0.4112784 0.63520545 0.36767864 0.47021216 0.51973695 0.36034542 0.691608 0.65933365 0.6577165 
capture_face_761_0.942598.jpg 0.9987798338249876 0.3843482 0.41280136 0.7036156 0.43025595 0.55966985 0.61575395 0.34394634 0.69701254 0.6347067 0.71943355 
capture_face_789_0.961157.jpg 0.9989683553144826 0.30037 0.42464665 0.62106663 0.4158194 0.44301644 0.6131925 0.3519219 0.6949118 0.651069 0.68419564 
capture_face_565_0.984951.jpg 0.9971342195392998 0.35202244 0.43392393 0.6582458 0.39279068 0.5317277 0.6202455 0.38638553 0.720483 0.6679482 0.6896229 
capture_face_43_0.925773.jpg 0.9989189879211964 0.43293872 0.432116 0.75808215 0.41240996 0.67193186 0.57038146 0.49759033 0.71420574 0.7639862 0.6957289 
capture_face_520_1.072383.jpg 0.9991606372582008 0.40125376 0.44003922 0.70442367 0.43299603 0.5966242 0.58991593 0.41585088 0.69785106 0.6956292 0.6920916 
capture_face_221_1.098849.jpg 0.6867271758148747 0.44350353 0.4286798 0.7081337 0.56104374 0.4850652 0.73845494 0.2891509 0.7446912 0.44942355 0.8480669 
capture_face_800_0.506447.jpg 0.9983887449706301 0.43178585 0.43315122 0.72832805 0.4163851 0.6447543 0.5504094 0.51442575 0.7006768 0.7347205 0.6851549 
capture_face_235_0.821341.jpg 0.998621697186229 0.4422374 0.41307366 0.73952305 0.38036454 0.674692 0.5448639 0.5001879 0.705997 0.7392562 0.68558097 
capture_face_249_0.516434.jpg 0.9980113792176696 0.28525844 0.46013063 0.62070835 0.43594885 0.45690978 0.65711385 0.3635358 0.76020646 0.6569094 0.7390765 
capture_face_198_0.991742.jpg 0.9605342693397997 0.47276947 0.41636047 0.7607458 0.44560707 0.62868065 0.6199087 0.42341033 0.7147872 0.6504177 0.7482475 
capture_face_647_1.074643.jpg 0.9931559137035164 0.45434463 0.43729153 0.7346334 0.46408337 0.62588924 0.59960973 0.43491644 0.7281113 0.6632921 0.75400615 
capture_face_391_0.503426.jpg 0.9988724799736892 0.3347617 0.45348084 0.64098024 0.4478252 0.48956794 0.6256803 0.3909084 0.7173782 0.642216 0.705709 
capture_face_834_0.943244.jpg 0.9968926015204719 0.4224192 0.39836514 0.77058583 0.39913368 0.6594077 0.577763 0.4576589 0.72708327 0.6988393 0.7269857 
capture_face_596_0.958766.jpg 0.9961463283719627 0.3692937 0.49007195 0.674299 0.5178384 0.5330244 0.6871743 0.3452584 0.7239813 0.5955229 0.75307035 
capture_face_198_0.902129.jpg 0.9988356097426804 0.38028264 0.38651413 0.69270873 0.38212818 0.5666954 0.59846836 0.39475942 0.7047782 0.6502069 0.6995642 
capture_face_475_0.771489.jpg 0.9944984086570574 0.55966735 0.45594463 0.80982417 0.40887946 0.83254254 0.57490575 0.6041701 0.73090947 0.80205894 0.69797194 
capture_face_569_0.523585.jpg 0.9986024388513428 0.2825525 0.347517 0.6033458 0.33690155 0.4193773 0.50797504 0.33120957 0.67872274 0.59438473 0.6686927 
capture_face_53_0.947368.jpg 0.9985468078339057 0.39481676 0.41511685 0.69858056 0.39287376 0.5733483 0.57598305 0.43225834 0.69963706 0.7001929 0.67914593 
capture_face_173_0.536493.jpg 0.9991161297799234 0.31539354 0.46416974 0.61800563 0.41041386 0.4895474 0.5898526 0.41648078 0.73011976 0.67030144 0.6803968 
capture_face_649_1.019933.jpg 0.99913421790243 0.35629722 0.41970772 0.6729384 0.4165709 0.52959436 0.5988616 0.3732439 0.69162863 0.67274314 0.6913371 
capture_face_875_0.900316.jpg 0.9990337894994963 0.28949648 0.4450935 0.6092692 0.43792045 0.4169031 0.6395494 0.3608523 0.67784226 0.65100765 0.6645049 
capture_face_210_1.008054.jpg 0.9990665098066491 0.3354375 0.3934555 0.68290544 0.3930958 0.51741946 0.56878924 0.35542443 0.6853778 0.65485686 0.69059944 
capture_face_83_0.506834.jpg 0.9981057829779376 0.33555806 0.39650002 0.65601236 0.40546125 0.47088364 0.52592397 0.3287231 0.6720945 0.6077291 0.6795254 
capture_face_391_0.811746.jpg 0.9550313914782491 0.51285374 0.48562455 0.8064197 0.5229653 0.7072394 0.73468596 0.40332198 0.76583606 0.6241274 0.8067199 
capture_face_228_1.124321.jpg 0.9990093993921109 0.3783078 0.38586664 0.69619334 0.40035635 0.5684183 0.5231029 0.38582578 0.6802872 0.6490564 0.6955657 
capture_face_419_0.568586.jpg 0.9988522604776926 0.33207047 0.43963727 0.64787793 0.4252388 0.5108977 0.59002405 0.39684263 0.7099873 0.65209454 0.697006 
capture_face_178_1.026911.jpg 0.9990817403533311 0.4484256 0.41653296 0.7435692 0.41774398 0.67901546 0.5738188 0.47079206 0.7149722 0.7063972 0.7198545 
capture_face_472_0.500060.jpg 0.9989669277550846 0.3135514 0.4169169 0.697054 0.39006215 0.52517116 0.5373477 0.3941921 0.7372835 0.68579936 0.7162323 
capture_face_266_0.771609.jpg 0.9979197237242738 0.5425555 0.4171822 0.8118564 0.38013685 0.8228444 0.5589488 0.5982352 0.73012906 0.80262935 0.7015816 
capture_face_569_1.001862.jpg 0.9992591866395817 0.38137192 0.4130231 0.70129997 0.37500983 0.62611663 0.53774846 0.46133548 0.6845445 0.7459001 0.6488981 
capture_face_412_1.008446.jpg 0.9988779512721494 0.38572776 0.48379532 0.70461917 0.4997968 0.55811536 0.6901182 0.3782117 0.7345715 0.6438628 0.7489712 
capture_face_674_0.992580.jpg 0.9989135161731763 0.35018662 0.40706733 0.68350554 0.42309165 0.51279247 0.58037674 0.3600517 0.6961479 0.6324501 0.70771277 
capture_face_274_0.495341.jpg 0.9408688610457154 0.33511096 0.39793614 0.6270214 0.42945623 0.47165805 0.61075 0.34723446 0.71616185 0.61318636 0.72274315 
capture_face_785_0.973290.jpg 0.9991926517732478 0.36366186 0.4341804 0.6993258 0.39053345 0.613171 0.59517515 0.44695264 0.7121908 0.73618996 0.67062545 
capture_face_931_1.040223.jpg 0.9989806087004571 0.42810214 0.44409773 0.74502707 0.40757424 0.6621619 0.57394046 0.5019448 0.74664176 0.75592625 0.71911466 
capture_face_653_1.062734.jpg 0.9985668960974078 0.3457096 0.44394553 0.6836637 0.43560058 0.5279138 0.6171535 0.3378934 0.71709967 0.6905882 0.70537865 
capture_face_69_0.497077.jpg 0.9976181630409499 0.49132043 0.4676671 0.77908283 0.40746444 0.74744296 0.56677824 0.61884713 0.73653483 0.81480044 0.6999773 
capture_face_914_0.931948.jpg 0.9960447256735668 0.43349245 0.41842932 0.7423287 0.41160005 0.65496415 0.58660793 0.45069188 0.6994922 0.7136187 0.69586945 
capture_face_715_0.988850.jpg 0.9990135634724805 0.32265595 0.40040374 0.66368455 0.420766 0.47417328 0.56495917 0.34655392 0.6817967 0.62426 0.6967684 
capture_face_100_0.543005.jpg 0.9988740262041347 0.3226495 0.46523207 0.65621036 0.40634495 0.5133903 0.6125212 0.4207209 0.7568046 0.6749996 0.7108009 
capture_face_329_0.887561.jpg 0.9700254040814665 0.54772866 0.4077421 0.8101766 0.4082629 0.7646404 0.5858264 0.50486 0.6865508 0.7182566 0.70340097 
capture_face_884_1.061807.jpg 0.9924560821506673 0.52249074 0.47455966 0.7822426 0.3866592 0.76223963 0.60221815 0.5661917 0.77222943 0.7313493 0.71764076 
capture_face_888_0.857179.jpg 0.9974115313247514 0.38367516 0.45664063 0.7337956 0.41188467 0.6289597 0.6044091 0.47531372 0.7515269 0.75754994 0.70251894 
capture_face_224_0.515818.jpg 0.9383758392670192 0.4766908 0.39813223 0.76743376 0.45223832 0.6653724 0.6316239 0.39321372 0.68957573 0.66966397 0.718366 
capture_face_892_0.476444.jpg 0.999210742666613 0.33882985 0.3824725 0.716605 0.37000006 0.56714296 0.52283174 0.38368225 0.68456227 0.7120043 0.673754 
capture_face_582_1.036852.jpg 0.9990691275238125 0.37483805 0.38259453 0.6916241 0.37671232 0.5460733 0.5575617 0.38372514 0.6783232 0.6727944 0.67219853 
capture_face_221_0.915812.jpg 0.9987410678801817 0.27057096 0.42135382 0.6415243 0.43794155 0.41711372 0.6019041 0.29833215 0.7044327 0.61303246 0.71213734 
capture_face_492_1.042698.jpg 0.2091130380955002 0.4033714 0.37675682 0.7209432 0.34314716 0.57290715 0.5609676 0.4390528 0.7315476 0.6808014 0.7165967 
capture_face_401_0.513255.jpg 0.9994084759851377 0.32063636 0.42008352 0.6741737 0.38837564 0.5150999 0.5504363 0.37072578 0.7206837 0.67756456 0.69155025 
capture_face_457_0.859120.jpg 0.9990678186635161 0.28476265 0.46906415 0.61779076 0.46189678 0.44829422 0.6699829 0.36659455 0.7459793 0.65690994 0.7326752 
capture_face_536_0.829079.jpg 0.9985948308249643 0.19582796 0.47575283 0.47169363 0.4604457 0.28328267 0.64833796 0.3263471 0.7692197 0.528836 0.7393414 
capture_face_15_0.934821.jpg 0.9837065764836821 0.32225132 0.42606804 0.64733875 0.43036056 0.46677113 0.5601289 0.32522163 0.6891691 0.61641854 0.69748414 
capture_face_545_0.797349.jpg 0.9985844888500076 0.18088564 0.38517267 0.5023163 0.41995174 0.25169697 0.58749974 0.21268305 0.7180232 0.47016373 0.7491921 
capture_face_88_0.920721.jpg 0.998797315158794 0.3343422 0.44702023 0.6845541 0.46498144 0.5161281 0.618462 0.36881417 0.7526129 0.6282615 0.7641933 
capture_face_401_0.492641.jpg 0.9993151351556766 0.29308507 0.42245486 0.68633854 0.39359206 0.50269455 0.5810224 0.3325655 0.7225715 0.6748866 0.6974853 
capture_face_709_1.007238.jpg 0.9992910884300176 0.3224483 0.4259001 0.6620642 0.3889987 0.52426046 0.5765002 0.39615354 0.7024179 0.67547816 0.6687012 
capture_face_15_0.973603.jpg 0.8327294959939462 0.33556584 0.48486328 0.671931 0.4445156 0.5363896 0.58310425 0.4041944 0.736189 0.71647394 0.70970356 
capture_face_916_1.015003.jpg 0.9993118018770881 0.37710652 0.422406 0.71499443 0.38934076 0.6110224 0.5307717 0.46436194 0.7039696 0.73674864 0.6767976 
capture_face_789_0.977910.jpg 0.998945990685992 0.33339727 0.42911088 0.67009026 0.4179979 0.5009169 0.62050205 0.38366395 0.6953419 0.69471365 0.6836393 
capture_face_102_0.824008.jpg 0.9769533516458049 0.4860619 0.43090886 0.7969591 0.45007968 0.6847473 0.5923411 0.4562503 0.698421 0.6881715 0.72637796 
capture_face_691_1.057412.jpg 0.9957907504771745 0.41204146 0.47290727 0.69313294 0.44651365 0.6409375 0.5920961 0.4876426 0.73704386 0.7108722 0.7131156 
capture_face_46_0.970397.jpg 0.9967190737980859 0.4517939 0.5015907 0.75784713 0.4820752 0.65902025 0.6366458 0.49483407 0.7371079 0.73652637 0.71880114 
capture_face_924_0.832775.jpg 0.9944908630364769 0.5717114 0.43075645 0.83407754 0.3928845 0.8152682 0.5807752 0.6101122 0.7313345 0.79750496 0.70685995 
capture_face_880_0.906536.jpg 0.9890878083129234 0.45586452 0.39414805 0.7479726 0.36467546 0.7465529 0.54017234 0.527172 0.7114969 0.78720593 0.6963197 
capture_face_524_0.937537.jpg 0.9983418111259439 0.38935757 0.46464333 0.7050494 0.44047403 0.59411854 0.65837383 0.4322986 0.74013245 0.6916625 0.7242042 
capture_face_931_0.965381.jpg 0.998819078490678 0.36975044 0.39919204 0.68883294 0.39350498 0.53721696 0.46291566 0.37540236 0.6416231 0.6784046 0.64515376 
capture_face_914_0.907021.jpg 0.9988188406349303 0.3736472 0.44814894 0.68417877 0.41070074 0.58334625 0.60414904 0.41397816 0.6993675 0.73905015 0.6595727 
capture_face_737_0.957297.jpg 0.995650221192092 0.38231814 0.4232491 0.681886 0.49639374 0.5104065 0.5875428 0.27919528 0.6201713 0.5916481 0.69166684 
capture_face_173_0.507507.jpg 0.9991815833259782 0.3497327 0.42511275 0.6623391 0.39475226 0.53090006 0.5618959 0.4183479 0.7116557 0.67305887 0.6858245 
capture_face_856_1.058329.jpg 0.9988702201070337 0.3234003 0.4286057 0.6538838 0.45290476 0.46978128 0.6147882 0.35039848 0.694388 0.60756195 0.71015096 
capture_face_971_1.093460.jpg 0.9991781319248341 0.3699382 0.43297836 0.6788058 0.3956319 0.56684136 0.5581648 0.41128266 0.69126385 0.6845727 0.6586752 
capture_face_401_1.064378.jpg 0.9986707974132158 0.45054066 0.44540688 0.7340407 0.44403428 0.6461756 0.60217196 0.4345272 0.6800106 0.70884466 0.685253 
capture_face_264_0.549689.jpg 0.9687206066051841 0.22498766 0.59972334 0.5123299 0.5029026 0.41013342 0.73215955 0.44609034 0.8236964 0.6221933 0.7373562 
capture_face_189_0.847724.jpg 0.8516328226038725 0.4756805 0.51671314 0.74040556 0.5286185 0.6442064 0.697953 0.48393428 0.74191356 0.6894173 0.7461132 
capture_face_419_0.934906.jpg 0.9987516509223079 0.3599103 0.43186772 0.6686784 0.38133484 0.56558067 0.5809297 0.45812976 0.7244262 0.71725935 0.68006504 
capture_face_235_0.513338.jpg 0.9963211950426992 0.36634716 0.4458895 0.69502753 0.42992306 0.5455739 0.5817077 0.4101257 0.7091028 0.6783132 0.702469 
capture_face_292_0.793597.jpg 0.9981663532848216 0.2102324 0.41257578 0.47688526 0.39673626 0.29623333 0.62603587 0.3428337 0.7209769 0.5597588 0.69823706 
capture_face_892_0.870804.jpg 0.9984511322279356 0.48181993 0.43247706 0.7811085 0.4123848 0.7169323 0.60294074 0.50173694 0.7188348 0.7516704 0.7093476 
capture_face_253_0.945379.jpg 0.9920838910049893 0.30149123 0.47860676 0.58127284 0.44057208 0.47018203 0.655186 0.39059684 0.71519 0.65475076 0.6807121 
capture_face_874_0.959220.jpg 0.9982490258019387 0.335468 0.38685498 0.6844813 0.4338814 0.4900145 0.5871148 0.34066063 0.69577247 0.61770004 0.72668076 
capture_face_843_0.871004.jpg 0.9948409117053738 0.5257603 0.4260818 0.7708272 0.43456554 0.72570455 0.57940656 0.49092975 0.69107825 0.68654525 0.71117866 
capture_face_472_0.936658.jpg 0.9991245787556345 0.286504 0.43573347 0.6368422 0.43178976 0.43955225 0.5984108 0.33686295 0.71177274 0.62744933 0.7071934 
capture_face_916_0.475039.jpg 0.9985135272826308 0.34154698 0.3462103 0.6844007 0.32824033 0.5486095 0.48309216 0.37044802 0.6752643 0.6853472 0.66063607 
capture_face_401_0.508057.jpg 0.999296802398615 0.31656432 0.4184701 0.68315125 0.38694817 0.51349586 0.5515093 0.37619108 0.7162625 0.6777602 0.6925154 
capture_face_32_0.525951.jpg 0.9989012644330354 0.27999583 0.47322714 0.6050052 0.45517546 0.42814705 0.6392107 0.3415808 0.7590403 0.5912694 0.74373543 
capture_face_507_0.504670.jpg 0.9911168668704445 0.40342072 0.36680886 0.70751613 0.36972666 0.54659337 0.47955692 0.3854568 0.6632081 0.6608882 0.67547035 
capture_face_689_0.493426.jpg 0.9988794975195338 0.30630368 0.50097257 0.6508984 0.41428882 0.54345447 0.6480102 0.46390456 0.7826537 0.726308 0.7078661 
capture_face_108_1.074888.jpg 0.5356407722578113 0.34829876 0.22594729 0.6666381 0.3108578 0.44407976 0.5223462 0.30922753 0.6129081 0.5608039 0.680832 
capture_face_723_0.519490.jpg 0.9924880207285763 0.2990976 0.4215416 0.6025025 0.42479098 0.4167441 0.54731 0.3060242 0.6907947 0.5602931 0.69429624 
capture_face_214_0.508586.jpg 0.9981430744148114 0.2829761 0.49826568 0.63641584 0.43912554 0.5007887 0.6712067 0.40389705 0.7862862 0.6570374 0.7437551 
capture_face_817_1.034669.jpg 0.9991640885384842 0.36089456 0.4117875 0.6674694 0.39057285 0.552715 0.5570097 0.4175391 0.6820352 0.7005014 0.6597456 
capture_face_531_1.028223.jpg 0.9986120679259362 0.46928042 0.38745454 0.759219 0.42654175 0.6624042 0.5580578 0.46828702 0.7024376 0.6909773 0.7382015 
capture_face_697_0.933073.jpg 0.7707876836908535 0.2697392 0.42588854 0.63034934 0.4524035 0.42247415 0.68866694 0.31230417 0.7765582 0.55204284 0.8040421 
capture_face_838_0.553354.jpg 0.9966226824529065 0.41129854 0.4113028 0.6879981 0.37983787 0.5967724 0.5262356 0.50808704 0.7065388 0.7282889 0.67568123 
capture_face_699_0.943529.jpg 0.9976091463234797 0.4573552 0.40118423 0.76777095 0.42846847 0.66500854 0.6001101 0.368387 0.66653645 0.6738387 0.69991505 
capture_face_672_0.715626.jpg 0.9210503604989825 0.24084646 0.4338092 0.4913987 0.43846905 0.26448137 0.5956709 0.31924826 0.73630184 0.48328158 0.73781013 
capture_face_157_0.498595.jpg 0.9989176794542599 0.2762916 0.46602005 0.62631905 0.47415417 0.44322273 0.6536581 0.31314737 0.758792 0.59574467 0.7620913 
capture_face_50_0.959250.jpg 0.998824905991884 0.36634457 0.49645814 0.6919132 0.44738895 0.57648903 0.59294975 0.40541375 0.70836526 0.67148566 0.6760695 
capture_face_268_0.500375.jpg 0.9987956502434954 0.29929745 0.4400604 0.6328472 0.41134703 0.4569481 0.6046475 0.3577092 0.71038425 0.6368732 0.6863791 
capture_face_125_0.937234.jpg 0.760654626984797 0.48785654 0.42611602 0.76658046 0.41909868 0.65498793 0.62038124 0.49151635 0.74609435 0.67791075 0.7418215 
capture_face_625_0.937645.jpg 0.9926074563461275 0.4742522 0.40303713 0.7537375 0.3936233 0.6816804 0.5613741 0.45058283 0.67436785 0.6859477 0.67251 
capture_face_337_0.775372.jpg 0.9612447515234075 0.21889132 0.4709336 0.4877379 0.44576687 0.37109384 0.6531303 0.36758488 0.73271555 0.59244365 0.69731236 
capture_face_216_1.060157.jpg 0.9623647217248988 0.41812822 0.43184313 0.71635455 0.4332471 0.6272349 0.5675811 0.43541795 0.6567407 0.6713131 0.6714977 
capture_face_798_0.532255.jpg 0.9992011020432229 0.29595459 0.4065368 0.6332354 0.42337835 0.43358198 0.6077435 0.31470132 0.6994185 0.60909605 0.7089962 
capture_face_576_1.099549.jpg 0.9988513089921657 0.39029458 0.39080364 0.70252514 0.40078956 0.5593358 0.56062627 0.38756278 0.67543465 0.67286927 0.6893153 
capture_face_870_0.940526.jpg 0.9982448680925968 0.41658422 0.4149445 0.73236865 0.39814472 0.6674651 0.5314345 0.4497955 0.6824721 0.7205084 0.6704304 
capture_face_266_0.769296.jpg 0.9668837502227429 0.63397557 0.43921903 0.82884055 0.40829474 0.90443414 0.6056396 0.65138394 0.74300206 0.7829723 0.72432864 
capture_face_602_0.899278.jpg 0.9984030042277898 0.43124768 0.4135801 0.75265837 0.39373428 0.6929892 0.58897424 0.50539887 0.7416983 0.7414154 0.72029793 
capture_face_329_0.934261.jpg 0.9990963763943072 0.39513302 0.41575864 0.69162405 0.37647057 0.5980234 0.520375 0.43288752 0.6678925 0.7262421 0.6364082 
capture_face_74_0.511522.jpg 0.15161397902471058 0.2517953 0.5538284 0.52334946 0.5751607 0.35109124 0.7770299 0.3326903 0.85265833 0.49007162 0.871873 
capture_face_611_0.954881.jpg 0.9960537141335929 0.34060103 0.43683067 0.64380777 0.44335127 0.47520664 0.6331122 0.3401986 0.71764886 0.59660035 0.7247752 
capture_face_482_0.496089.jpg 0.9618078291765984 0.52440196 0.5180167 0.83708984 0.49651706 0.7561748 0.7130896 0.5852875 0.8030162 0.8021889 0.7884599 
capture_face_660_0.992303.jpg 0.9986212216628434 0.37760848 0.41747722 0.69520783 0.38515538 0.6220026 0.5337051 0.49350262 0.7173877 0.7275481 0.69256914 
capture_face_875_0.980620.jpg 0.9989759690335132 0.32653743 0.41675097 0.64052874 0.4178335 0.4776063 0.6169768 0.34635964 0.66216046 0.6678112 0.65120244 
capture_face_315_0.946126.jpg 0.0004784474939501973 0.40103272 0.41784713 0.71047 0.4155665 0.5708339 0.59917694 0.4127027 0.68350065 0.7073556 0.69035554 
capture_face_933_0.507271.jpg 0.9988973391818019 0.47404185 0.4426239 0.798065 0.41365093 0.7430692 0.5738609 0.56656235 0.7217488 0.81012094 0.6956234 
capture_face_32_0.514634.jpg 0.9957998525639276 0.27051663 0.45624614 0.54056174 0.43520176 0.36765203 0.5980154 0.36738577 0.72430646 0.5739158 0.70357597 
capture_face_143_0.854417.jpg 0.9990398574673055 0.4690041 0.42598826 0.7703831 0.4227147 0.69324076 0.59998477 0.46191683 0.6882812 0.700413 0.69095147 
capture_face_375_0.917454.jpg 0.9988571368694695 0.2705689 0.46324122 0.5808806 0.38323992 0.49286705 0.58450305 0.4017944 0.7322014 0.681793 0.65839446 
capture_face_531_0.535040.jpg 0.99815269463251 0.40511218 0.34670183 0.7182372 0.3328684 0.60730964 0.47934178 0.4611644 0.66739744 0.72503895 0.66070855 
capture_face_300_0.498527.jpg 0.9986568871735225 0.39353862 0.3231806 0.73320436 0.33762312 0.586646 0.45995155 0.42188454 0.6453075 0.68912065 0.66151595 
capture_face_176_0.472411.jpg 0.9985563169703227 0.18250468 0.4250433 0.47502005 0.4287567 0.2451359 0.5869908 0.24291652 0.7254567 0.45668736 0.7159858 
capture_face_901_0.530096.jpg 0.9982088756565591 0.33401886 0.46017537 0.6858969 0.43652982 0.5211509 0.6051583 0.39180735 0.75843483 0.6495479 0.73878825 
capture_face_638_0.520290.jpg 0.9986266902091202 0.22648066 0.38688514 0.54711366 0.41020626 0.31100255 0.5699768 0.22001794 0.70310366 0.5035465 0.7189517 
capture_face_620_0.886353.jpg 0.9991789650194789 0.4453352 0.46056083 0.78421557 0.4349172 0.7076674 0.6210453 0.47604245 0.7291325 0.76098174 0.7103828 
capture_face_759_0.905950.jpg 0.9988098022004609 0.3425399 0.44762558 0.67136383 0.3973248 0.5488858 0.5946628 0.43447986 0.7305444 0.697335 0.6870059 
capture_face_694_0.968409.jpg 0.9991156537855437 0.28746006 0.44181222 0.6214913 0.41045803 0.46606654 0.58377916 0.36730784 0.71789634 0.66614705 0.6897974 
capture_face_210_1.029588.jpg 0.9978866036652664 0.4367725 0.3969483 0.7134393 0.42990965 0.64161223 0.56590414 0.42353866 0.68281204 0.6338775 0.70661306 
capture_face_426_0.468439.jpg 0.997299236446101 0.44537008 0.43182206 0.7566382 0.4231475 0.6494722 0.5879172 0.5022628 0.71438515 0.7293488 0.7082161 
capture_face_43_0.540129.jpg 0.9939552987141724 0.19320676 0.40344042 0.4477291 0.43967056 0.18110982 0.56488013 0.18932977 0.71103233 0.35940742 0.7343111 
capture_face_625_1.010514.jpg 0.9978498061780364 0.39244434 0.38253632 0.70707184 0.3657623 0.5635322 0.5459743 0.43033946 0.7019243 0.66814226 0.6909164 
capture_face_735_0.949159.jpg 0.9988422699700691 0.3127317 0.41759133 0.6573138 0.4045334 0.4914102 0.5791764 0.36356115 0.73151404 0.65199995 0.72462213 
capture_face_553_0.935580.jpg 0.9967137445513248 0.46484175 0.47918335 0.7534001 0.5186545 0.6453022 0.65241235 0.40460125 0.71312463 0.62990326 0.7492399 
capture_face_669_1.014208.jpg 0.9991700390777238 0.3662756 0.4460078 0.7107822 0.4465875 0.57647705 0.5941609 0.3872495 0.70144606 0.70184135 0.7005391 
capture_face_91_0.501328.jpg 0.9987034939469002 0.31396505 0.4619128 0.6275109 0.4467699 0.45822918 0.60377574 0.35936037 0.7091985 0.609442 0.69574857 
capture_face_178_0.785048.jpg 0.9888117249388344 0.5301284 0.43759716 0.78142613 0.3967783 0.77135015 0.6133344 0.5525475 0.7448101 0.7016954 0.7226281 
capture_face_957_0.978234.jpg 0.9987819743635965 0.3887028 0.44090623 0.6897547 0.38644385 0.6327626 0.566709 0.5100769 0.71947885 0.7398964 0.66169703 
capture_face_669_0.985048.jpg 0.9990873329362523 0.3596108 0.45333996 0.7034377 0.45529205 0.5674857 0.6096422 0.3882221 0.70778435 0.6947545 0.7049086 
capture_face_310_0.501388.jpg 0.20561922393536278 0.4940845 0.31554168 0.7798055 0.2957393 0.79055977 0.44610697 0.6063139 0.6497292 0.8088655 0.6317743 
capture_face_822_0.928083.jpg 0.9990027369357228 0.4115971 0.4297545 0.72768533 0.41937822 0.6251617 0.5560287 0.45305455 0.6877054 0.72223616 0.6798476 
capture_face_444_0.525994.jpg 0.9990264128535893 0.31771263 0.4479622 0.63190156 0.42345047 0.47705904 0.5877043 0.38207573 0.74857086 0.6358264 0.72866154 
capture_face_76_0.517976.jpg 0.9989290989176551 0.39516246 0.4199409 0.74799645 0.39550227 0.60177964 0.6020483 0.40892473 0.7026171 0.71305615 0.683519 
capture_face_870_0.966759.jpg 0.9987306039691545 0.44947305 0.45631593 0.7536308 0.43255013 0.672422 0.57519275 0.45493272 0.71498656 0.7081807 0.7030257 
capture_face_796_0.504893.jpg 0.9982059060995265 0.3535152 0.39591634 0.6914033 0.3447758 0.6018488 0.51986355 0.45587087 0.6852334 0.7320485 0.6429118 
capture_face_231_0.540403.jpg 0.9981277537101948 0.20253587 0.510533 0.51912194 0.45546645 0.34659618 0.65823215 0.32512215 0.79050976 0.5778198 0.74549544 
capture_face_862_0.976570.jpg 0.9989147056785161 0.3638232 0.42108387 0.6991606 0.42574906 0.5530307 0.5707323 0.39126343 0.6966081 0.69729596 0.6935195 
capture_face_106_0.911521.jpg 0.9985604772744561 0.34411165 0.40543377 0.6449572 0.3549142 0.5345871 0.54296046 0.42387846 0.7038123 0.6952243 0.6534246 
capture_face_622_0.524028.jpg 0.9965136429793646 0.26575294 0.40194246 0.61312836 0.37000924 0.46088833 0.5332406 0.35361826 0.71151185 0.6379131 0.68839216 
capture_face_971_0.520553.jpg 0.9974595637821905 0.25228432 0.37946853 0.5799259 0.34660292 0.3710744 0.49832797 0.29862326 0.7050343 0.59614706 0.68002295 
capture_face_785_0.967743.jpg 0.9993052544303134 0.35082984 0.43316033 0.6934058 0.38130176 0.61330885 0.5715243 0.44694066 0.70556307 0.7582655 0.65454364 
capture_face_602_0.495700.jpg 0.9129041754068077 0.47657505 0.4150401 0.7595535 0.3954125 0.6778259 0.59018916 0.5415377 0.7262805 0.7562536 0.7197236 
capture_face_603_0.472465.jpg 0.9936941479944955 0.53683263 0.33556363 0.84918106 0.39846557 0.7141523 0.57427174 0.4547115 0.6569872 0.7178998 0.7126452 
capture_face_188_0.506134.jpg 0.967452005149221 0.45806494 0.51189005 0.7313554 0.5828024 0.5976204 0.7214807 0.36895102 0.7407488 0.5794013 0.7958151 
capture_face_735_0.985449.jpg 0.9765127749997322 0.48688772 0.5043829 0.73446095 0.37334085 0.77412266 0.5829082 0.6639398 0.78371495 0.8348927 0.68870187 
capture_face_672_0.721324.jpg 0.9624565876112774 0.23610574 0.41245592 0.5066371 0.42654115 0.26274434 0.6037887 0.31233317 0.7570929 0.49884403 0.7606745 
capture_face_274_0.528892.jpg 0.994753966246512 0.3095673 0.48341623 0.61830467 0.48353904 0.45594564 0.6359834 0.34769645 0.7224676 0.6017777 0.71342266 
capture_face_239_0.945099.jpg 0.9411964288739662 0.49661756 0.52062154 0.76125044 0.5045441 0.6613683 0.6894068 0.5120625 0.7826992 0.6998549 0.77238214 
capture_face_539_0.891596.jpg 0.9953386926008672 0.42639294 0.5056163 0.73416 0.49995345 0.6268761 0.6861529 0.46130756 0.75148 0.6876689 0.73188674 
capture_face_817_0.471034.jpg 0.9989086392309009 0.39955646 0.42587423 0.70448965 0.38388252 0.60106647 0.5372445 0.4888242 0.6917481 0.7332914 0.6548215 
capture_face_277_0.479735.jpg 0.9964517343334823 0.3468696 0.45721692 0.6986445 0.4729808 0.52040577 0.66244113 0.36367574 0.7401297 0.6399913 0.7542864 
capture_face_98_0.938971.jpg 0.9990994702464898 0.3883376 0.38614613 0.71318406 0.4153446 0.5687529 0.572692 0.36644593 0.68332064 0.6445409 0.70579433 
capture_face_567_0.956777.jpg 0.9988687928280989 0.3883336 0.4359197 0.71502197 0.4307829 0.6010499 0.60471153 0.4433424 0.72998995 0.6991833 0.72119844 
capture_face_723_0.518128.jpg 0.9775295209881515 0.37549287 0.3882378 0.68734044 0.37564522 0.5459937 0.48086998 0.43010467 0.6689574 0.6960049 0.6575359 
capture_face_239_0.505471.jpg 0.9978913519258217 0.35351875 0.4378197 0.70634305 0.4212116 0.56693655 0.6174733 0.3946508 0.75208867 0.6969633 0.73361945 
capture_face_18_0.535368.jpg 0.9985533453457371 0.35308746 0.40862954 0.68609154 0.37692165 0.52990454 0.5664818 0.4268008 0.73741406 0.7096149 0.7102207 
capture_face_830_0.513247.jpg 0.997160414697374 0.24658749 0.37743342 0.52283156 0.4193967 0.29089618 0.565109 0.26446027 0.7017666 0.4780008 0.7282362 
capture_face_206_0.855335.jpg 0.9966123812866203 0.39065725 0.5424791 0.7301496 0.5194673 0.59518915 0.72982866 0.4680625 0.8227461 0.71244544 0.79450476 
capture_face_298_0.818662.jpg 0.9927498301453359 0.61119926 0.43679395 0.8378862 0.46206874 0.8302002 0.60591525 0.5589586 0.7296012 0.7240023 0.7548096 
capture_face_277_0.951955.jpg 0.3631234596075642 0.5126444 0.512776 0.80221355 0.5254299 0.6872209 0.73565835 0.46932775 0.7952366 0.64543325 0.8122089 
capture_face_164_0.517760.jpg 0.9989668087919856 0.43379837 0.43331355 0.7625664 0.4021476 0.6594774 0.577397 0.49538976 0.7184601 0.76726866 0.6922504 
capture_face_859_0.987066.jpg 0.9989914347575948 0.3579066 0.43353307 0.6948056 0.4695441 0.5336299 0.5780353 0.34550658 0.6607168 0.66419107 0.68943596 
capture_face_117_0.825450.jpg 0.9944803700981854 0.39535865 0.4429035 0.68979937 0.45978338 0.5388035 0.67914087 0.34897065 0.702911 0.60618865 0.7186725 
capture_face_931_0.537732.jpg 0.9990264128535893 0.36807647 0.40537384 0.6912772 0.3924361 0.55904484 0.51988375 0.39642084 0.6960189 0.693278 0.6830839 
capture_face_649_0.984318.jpg 0.9991458803286747 0.31570306 0.44041455 0.64564085 0.43372518 0.4760304 0.6192768 0.33770102 0.69553953 0.6519663 0.6903362 
capture_face_740_0.985578.jpg 0.9991302908201731 0.40682986 0.44126078 0.71609056 0.42049134 0.6194262 0.57136565 0.44927433 0.72569066 0.69659704 0.7062378 
capture_face_104_0.510406.jpg 0.995103137787833 0.38660592 0.5267854 0.6732047 0.508359 0.57272035 0.63778776 0.3968133 0.7173271 0.64294964 0.704947 
capture_face_464_0.536802.jpg 0.9990405713507173 0.3736207 0.4190801 0.671966 0.37533557 0.57470953 0.5220185 0.45303753 0.7046098 0.7087199 0.66784513 
capture_face_98_0.515839.jpg 0.998463729458318 0.4436791 0.37557957 0.7861197 0.41692758 0.62623155 0.5765011 0.3990821 0.6961652 0.6852715 0.7303027 
capture_face_783_0.955650.jpg 0.9990722212072367 0.4028126 0.4300996 0.73029137 0.39388186 0.6633261 0.5726788 0.474696 0.72664404 0.74855506 0.68907094 
capture_face_108_0.492259.jpg 0.9989444442327405 0.3628841 0.4629015 0.6889704 0.4528045 0.56291795 0.63738537 0.40376937 0.7509366 0.6586519 0.7432703 
capture_face_737_0.975004.jpg 0.9990016661920919 0.38834432 0.424153 0.7231764 0.48117203 0.538212 0.60714877 0.26953077 0.6398093 0.62409306 0.6968837 
capture_face_534_0.990663.jpg 0.9977070338837808 0.41876847 0.3940809 0.7205427 0.34910804 0.6551573 0.5269805 0.5051613 0.6885022 0.7567642 0.65013075 
capture_face_746_0.921350.jpg 0.9988105157551296 0.3875416 0.45161194 0.7274777 0.4240809 0.62068695 0.5827443 0.43628353 0.7292766 0.73420113 0.7039217 
capture_face_63_0.852827.jpg 0.960719960923475 0.5705693 0.4587264 0.81336373 0.4570284 0.77766883 0.653055 0.5013112 0.75790405 0.65481555 0.77316797 
capture_face_938_1.025607.jpg 0.9734958617819625 0.31193626 0.35172254 0.6240719 0.3579588 0.45964035 0.53804004 0.3593668 0.68208706 0.619005 0.6877483 
capture_face_375_0.500761.jpg 0.9983740108327869 0.1942949 0.45077935 0.5563131 0.39237994 0.39128903 0.57468355 0.29208 0.7028977 0.62540555 0.66233003 
capture_face_224_0.521325.jpg 0.6910172456770481 0.4155972 0.36879048 0.63090557 0.3803392 0.54640037 0.55332685 0.40985003 0.65843487 0.62529004 0.67009056 
capture_face_660_1.039521.jpg 0.9980690880739269 0.51220727 0.4268252 0.7994378 0.37537265 0.7554191 0.5963915 0.5272565 0.72823805 0.7468105 0.6959413 
capture_face_812_0.518161.jpg 0.9990158239877898 0.3271212 0.47131965 0.65847564 0.41415375 0.55181855 0.5954995 0.4526913 0.75702137 0.7178007 0.71300566 
capture_face_555_0.922518.jpg 0.9961983796917566 0.44769132 0.48296037 0.73367065 0.50776917 0.616466 0.6627106 0.39078352 0.7144282 0.60964906 0.74143744 
capture_face_689_0.942222.jpg 0.9990099942586098 0.34650835 0.43187535 0.678664 0.3992948 0.55364674 0.5609168 0.4140312 0.7186807 0.7037047 0.69019175 
capture_face_567_0.461189.jpg 0.9129031819247824 0.44601354 0.56215197 0.7714424 0.5405909 0.6466617 0.74360824 0.45335132 0.79553914 0.6796494 0.779626 
capture_face_300_0.913410.jpg 0.9976799794008526 0.47887006 0.39547646 0.76416415 0.40939176 0.66535324 0.56014806 0.48912635 0.68156856 0.7073739 0.6957754 
capture_face_825_0.978096.jpg 0.9984259387207529 0.4088865 0.39828646 0.70410794 0.48071814 0.55990046 0.608956 0.31212616 0.6553752 0.5752983 0.7346753 
capture_face_697_1.019646.jpg 0.9966042115475341 0.34757257 0.42190233 0.6686397 0.4628055 0.502933 0.6701548 0.32379282 0.72566426 0.5645163 0.759061 
capture_face_308_0.779536.jpg 0.9989055465604738 0.23549595 0.4049275 0.5292319 0.38084853 0.34848055 0.6161221 0.348454 0.7077875 0.6093375 0.67779696 
capture_face_843_0.791646.jpg 0.9961908082526313 0.495236 0.45003125 0.76076627 0.4419315 0.7197115 0.61545104 0.51052475 0.7498216 0.6942887 0.7474606 
capture_face_950_1.003038.jpg 0.9990993512518208 0.38897157 0.39446375 0.6933973 0.38871342 0.5974372 0.5527094 0.42598915 0.69173735 0.66959983 0.6878722 
capture_face_113_0.728082.jpg 0.936309662533273 0.5393505 0.54430157 0.80634934 0.53201646 0.75492096 0.7389988 0.50934285 0.8188502 0.6485066 0.81101763 
capture_face_260_0.931556.jpg 0.9988360854702626 0.34729734 0.430104 0.6887828 0.4657101 0.5249584 0.6227527 0.33245447 0.7149353 0.6109302 0.7397307 
capture_face_848_0.491327.jpg 0.9502270275364624 0.18277249 0.41833463 0.42731816 0.44281065 0.22668007 0.6058571 0.24709181 0.7418693 0.41634002 0.74787855 
capture_face_874_0.951519.jpg 0.998479417019793 0.25456852 0.40880427 0.6252255 0.4477654 0.40130997 0.62242365 0.27746537 0.7235452 0.5627307 0.75703883 
capture_face_622_1.092621.jpg 0.9988863962200344 0.39709935 0.36983514 0.71716005 0.38708997 0.57416207 0.5436133 0.402389 0.6892847 0.6792252 0.70764375 
capture_face_160_0.490862.jpg 0.9982594796241542 0.46356195 0.48008427 0.7831995 0.40815872 0.7575694 0.60960644 0.5488417 0.7700659 0.7872946 0.7140435 
capture_face_553_0.933941.jpg 0.9986042219992946 0.37280244 0.45054325 0.69297796 0.4873752 0.52654034 0.62635255 0.30974665 0.6664659 0.61596197 0.70493937 
capture_face_636_0.520392.jpg 0.977694379597179 0.18426108 0.4593625 0.42589885 0.45801723 0.1897965 0.6044579 0.22546308 0.7692104 0.3673486 0.75952613 
capture_face_920_0.520783.jpg 0.9983599900409265 0.38788992 0.4049403 0.7092932 0.39796138 0.579155 0.5362335 0.4088546 0.69884807 0.6774902 0.69329 
capture_face_327_0.500796.jpg 0.9963712527581436 0.1759089 0.46054104 0.51846683 0.43089312 0.325016 0.6479774 0.32438987 0.74804074 0.59348917 0.71609426 
capture_face_812_0.495070.jpg 0.9974632405312664 0.42740592 0.44654885 0.7188366 0.4145677 0.63814026 0.57786095 0.5064188 0.7478345 0.72703564 0.72342086 
capture_face_310_0.519631.jpg 0.5072748879879385 0.43983117 0.29386503 0.72851807 0.31718558 0.6529271 0.46540824 0.5162559 0.62911457 0.72585666 0.64055 
capture_face_494_0.926434.jpg 0.9989619313293221 0.32826063 0.43492648 0.6433773 0.39107132 0.5055267 0.5546456 0.419469 0.7130765 0.66116047 0.6802355 
capture_face_740_1.002952.jpg 0.9991902714413097 0.3669502 0.42418912 0.6961762 0.42106277 0.55720073 0.5529263 0.3861756 0.7105756 0.6596527 0.706666 
capture_face_507_0.500014.jpg 0.9868887891771041 0.22847033 0.45256937 0.5904486 0.44698226 0.40955412 0.68213934 0.31683424 0.78182745 0.5751907 0.77708447 
capture_face_830_0.532416.jpg 0.998745348634254 0.30140713 0.39493275 0.62406516 0.35300612 0.47760472 0.48672223 0.37418818 0.67437613 0.6741555 0.64013004 
capture_face_914_0.465679.jpg 0.9981397489505894 0.3899753 0.4947655 0.73725855 0.4640811 0.60221 0.6804039 0.42393622 0.75294954 0.6845979 0.72622824 
capture_face_759_0.910593.jpg 0.9991949130990938 0.4060707 0.4680905 0.72909707 0.4466229 0.629866 0.64644384 0.3989354 0.7192352 0.6827922 0.7013284 
capture_face_830_0.474686.jpg 0.9980694443221603 0.30854914 0.37714034 0.6329625 0.4129032 0.4173925 0.5599858 0.28806263 0.6836584 0.57936585 0.7198714 
capture_face_106_1.026605.jpg 0.9984727616304778 0.38598412 0.41880745 0.68200827 0.38794625 0.56613964 0.5842344 0.3946886 0.6767871 0.67638516 0.6529174 
capture_face_368_0.896807.jpg 0.9956269413644584 0.37767878 0.4446545 0.7042187 0.49846202 0.52398556 0.6222755 0.31219783 0.7022879 0.5887052 0.7516445 
capture_face_822_0.939928.jpg 0.9988161053019741 0.40031463 0.39393878 0.7143639 0.4243738 0.5742774 0.55429786 0.41803288 0.67832106 0.66311836 0.7028754 
capture_face_691_1.029720.jpg 0.9989556263871889 0.3357524 0.43333465 0.6510192 0.45050323 0.4884009 0.6057836 0.33755174 0.7013025 0.6103639 0.71657634 
capture_face_161_0.505997.jpg 0.9963241533966692 0.47654054 0.43740556 0.7620903 0.41553813 0.68202126 0.56954646 0.49732962 0.690827 0.76650655 0.67209613 
capture_face_796_0.509296.jpg 0.9719941596515628 0.43009806 0.42092255 0.7118904 0.40209854 0.62810886 0.538142 0.4485694 0.69821906 0.67331105 0.6859013 
capture_face_170_0.546937.jpg 0.9789236261520307 0.3109086 0.39128643 0.67658854 0.36295843 0.5029111 0.4944059 0.39088282 0.709305 0.6895367 0.69128346 
capture_face_74_0.473492.jpg 0.9153890650799036 0.379504 0.53524643 0.68136007 0.5609595 0.5401312 0.7056871 0.43745276 0.7721962 0.6370317 0.79194117 
capture_face_69_0.909350.jpg 0.45497914938516637 0.4591998 0.35988152 0.72527194 0.38345343 0.6053902 0.58032143 0.37655163 0.6415243 0.6223283 0.6750046 
capture_face_761_0.508586.jpg 0.9986239559284952 0.32130876 0.4052913 0.6704137 0.39219475 0.506699 0.5754452 0.36535308 0.72388643 0.6841492 0.7144939 
capture_face_69_0.501805.jpg 0.9964872450443261 0.51044565 0.4789591 0.80213374 0.39576364 0.77531487 0.59671646 0.6501678 0.7688464 0.82958645 0.7155807 
capture_face_63_0.846720.jpg 0.9966653102323662 0.475044 0.43424273 0.7708627 0.43236285 0.69316757 0.6106179 0.45970708 0.71822685 0.6784289 0.7218566 
capture_face_83_0.555969.jpg 0.9987454675446131 0.25766632 0.5116923 0.52508545 0.43403792 0.38105693 0.59900635 0.36155224 0.74553764 0.5825721 0.6738119 
capture_face_444_0.945894.jpg 0.9988621322470006 0.3010298 0.44781741 0.6297782 0.4073913 0.4987301 0.6297631 0.4086278 0.7712776 0.66863763 0.73428285 
capture_face_941_0.848230.jpg 0.9518130224635647 0.4130979 0.43490162 0.6709085 0.42503333 0.5935282 0.6093552 0.42519215 0.66718864 0.6604399 0.6592158 
capture_face_715_1.041862.jpg 0.9966457720474667 0.37711957 0.46349418 0.6839834 0.4187883 0.5827019 0.61171204 0.43771613 0.7180579 0.68254733 0.67254496 
capture_face_834_0.951701.jpg 0.9986459494794155 0.39744383 0.38859993 0.7148737 0.37503433 0.58776605 0.5373084 0.43818945 0.69871837 0.6972226 0.6850742 
capture_face_884_0.997837.jpg 0.9988760482050172 0.32745248 0.4046363 0.65795887 0.4450177 0.48016152 0.5671393 0.32023266 0.68762225 0.5836307 0.71965384 
capture_face_709_0.908231.jpg 0.9990967333762735 0.33790794 0.39693892 0.6799327 0.40282732 0.5372464 0.55916125 0.3762022 0.692244 0.65689075 0.6969744 
capture_face_104_0.716422.jpg 0.5195742599468064 0.46523327 0.5041828 0.741437 0.45855594 0.7086692 0.62149584 0.48771915 0.71307665 0.7071509 0.68769085 
capture_face_257_0.472957.jpg 0.9784460049042393 0.52561706 0.4431955 0.7910804 0.457789 0.67877436 0.65666914 0.48076278 0.7201392 0.6780637 0.735759 
capture_face_449_0.549612.jpg 0.996602790737018 0.43719274 0.3568059 0.7472023 0.35651827 0.6319884 0.533239 0.42444938 0.6485974 0.7240345 0.6483964 
capture_face_464_1.050167.jpg 0.9915245452502762 0.44923896 0.4002008 0.7199668 0.40231013 0.64239424 0.5648551 0.48176163 0.6921313 0.6882909 0.703544 
capture_face_723_1.082079.jpg 0.9983020099308856 0.40552026 0.41519812 0.72752464 0.41797984 0.5887311 0.54316217 0.41638705 0.68816704 0.6990553 0.69451404 
capture_face_76_0.904616.jpg 0.9984416250947279 0.45053646 0.41500652 0.7572062 0.4429146 0.6363699 0.6145402 0.40722582 0.68067145 0.6732863 0.71368206 
capture_face_838_0.460123.jpg 0.9978724778572944 0.44507608 0.4570635 0.75101006 0.4234836 0.6526716 0.5939168 0.5141104 0.7441325 0.7491261 0.71879697 
capture_face_838_0.835988.jpg 0.9988664140389382 0.19948843 0.40944934 0.5017166 0.42168665 0.21315652 0.580189 0.2317873 0.7310808 0.48515308 0.73567486 
capture_face_694_0.990477.jpg 0.9989822742324364 0.29549927 0.4360063 0.63584626 0.39588606 0.49409357 0.60579014 0.39840636 0.7210804 0.6995874 0.68222916 
capture_face_401_0.924685.jpg 0.9988990044361333 0.26372373 0.45641884 0.5907431 0.4184407 0.39078552 0.5872064 0.33441272 0.70698327 0.6195517 0.6746559 
capture_face_753_0.991832.jpg 0.9981625525788161 0.27230135 0.4685058 0.60941654 0.44560492 0.4439686 0.6126036 0.31498927 0.7016364 0.6595559 0.6763859 
capture_face_46_0.492776.jpg 0.9987850662688961 0.40421417 0.48108068 0.7242654 0.49551028 0.5834695 0.67508376 0.40433088 0.73784846 0.6501959 0.74406934 
capture_face_419_1.030737.jpg 0.9960012048983845 0.46630237 0.4559605 0.7312293 0.45515734 0.66033643 0.5959296 0.44706988 0.6898728 0.66451085 0.69483435 
capture_face_534_0.514423.jpg 0.010498727187924349 0.45364138 0.40042192 0.6760385 0.4308508 0.54328823 0.62721676 0.4367465 0.7370988 0.58407867 0.75527096 
capture_face_834_0.519584.jpg 0.0020879544437498333 0.2293934 0.3750446 0.5381454 0.38446522 0.28661597 0.5512491 0.24226736 0.7153293 0.4630283 0.72865677 
capture_face_188_0.962663.jpg 0.9972217001492752 0.2827408 0.38986394 0.59849995 0.37421733 0.44315854 0.54820025 0.356739 0.68414426 0.62879586 0.6626611 
capture_face_292_0.621308.jpg 0.015276973231029953 0.19232535 0.45870966 0.39611053 0.43744612 0.18888831 0.6239528 0.34064585 0.7527249 0.48425007 0.7174612 
capture_face_800_0.511169.jpg 0.9204838795868745 0.25877944 0.53040254 0.5924999 0.51558965 0.4012798 0.72452044 0.33981502 0.8269306 0.5515783 0.814077 
capture_face_298_0.800061.jpg 0.2331070236046827 0.5596404 0.45522478 0.7534823 0.44268745 0.7464359 0.58905864 0.5656664 0.71145874 0.68100065 0.7131722 
capture_face_588_0.836688.jpg 0.9975671495502592 0.31590042 0.45553532 0.6176695 0.43342167 0.4503677 0.61043936 0.39833847 0.6992302 0.66379654 0.67621577 
capture_face_945_0.526099.jpg 0.2068080577703112 0.39774618 0.3759741 0.66832906 0.3822196 0.55816036 0.52490723 0.41728368 0.6352895 0.6761212 0.63615334 
capture_face_315_0.521853.jpg 0.9979966562159038 0.295973 0.50735533 0.5898002 0.43817228 0.4617726 0.60959506 0.4154031 0.73304397 0.64450127 0.6689676 
capture_face_2_0.895900.jpg 0.9639932998817734 0.38715014 0.32880077 0.72899383 0.35186166 0.58001924 0.48076752 0.39237943 0.6241674 0.68282634 0.6498338 
capture_face_53_1.049738.jpg 0.0017464759485936573 0.35471952 0.40284863 0.6268377 0.45209765 0.4313853 0.6464864 0.34158078 0.7144378 0.54215145 0.75134516 
capture_face_108_0.919969.jpg 0.7601332655895993 0.36938354 0.48277944 0.64642817 0.4446972 0.53994936 0.6414433 0.44236124 0.7425923 0.681945 0.7012737 
capture_face_636_0.559380.jpg 0.0006219681236781184 0.3162069 0.37398124 0.51242167 0.47246975 0.27423978 0.5480198 0.24416038 0.6652263 0.39410147 0.7356219 
capture_face_838_0.445265.jpg 0.9918607806494751 0.49456725 0.46442306 0.79366094 0.44045967 0.72234285 0.58704525 0.55938035 0.7633263 0.7653276 0.7454866 
capture_face_803_0.519606.jpg 0.002150802724367621 0.52061814 0.35737428 0.76382595 0.2636602 0.7972627 0.46623245 0.6875629 0.67238414 0.8493412 0.610957 
capture_face_180_0.976943.jpg 0.022755618765607683 0.31802678 0.33146006 0.5915261 0.35764676 0.4088641 0.45439503 0.29199386 0.64473397 0.51359457 0.67329395 
capture_face_235_1.000316.jpg 0.687474174463841 0.35861257 0.3269291 0.67538816 0.35169256 0.51092166 0.51584977 0.38481176 0.65480775 0.65485424 0.6853982 
capture_face_753_0.926481.jpg 0.8979870512116327 0.44922858 0.4181261 0.7368036 0.38915902 0.6992484 0.54610705 0.50460136 0.6838522 0.7441678 0.6722437 
capture_face_475_0.943553.jpg 0.7650533492096846 0.1950674 0.46866152 0.4727465 0.44709533 0.31776762 0.6238799 0.32487026 0.7363685 0.5369207 0.710137 
capture_face_453_0.506669.jpg 0.9800894331046897 0.16800624 0.5356568 0.51315135 0.5331886 0.31956017 0.7106198 0.2884637 0.816424 0.5354297 0.7995781 
capture_face_337_0.873926.jpg 0.4058178097179451 0.17534494 0.45635903 0.45146298 0.36784 0.34855214 0.5854732 0.34651646 0.7217404 0.5603641 0.65222764 
capture_face_689_0.955665.jpg 0.06114887403253572 0.5751653 0.4262415 0.80910003 0.56371444 0.66997313 0.7044596 0.40964594 0.6806283 0.61127514 0.7738489 
capture_face_912_0.989709.jpg 0.09471413308841621 0.3400973 0.4282212 0.647817 0.4811679 0.43788156 0.6756232 0.32259372 0.73733497 0.5338994 0.7836958 
capture_face_803_0.557753.jpg 0.00027141068153435297 0.37019137 0.28488702 0.6463701 0.3035565 0.44659302 0.43082812 0.31471363 0.6093477 0.5337831 0.6344321 
capture_face_588_0.968152.jpg 0.2934106041847645 0.5341775 0.49588144 0.7953475 0.45601493 0.7250841 0.6593982 0.5339751 0.777515 0.70496833 0.7621952 
capture_face_180_0.462009.jpg 0.04041436191099325 0.24820572 0.37229404 0.55152583 0.42831683 0.29756626 0.6301343 0.264381 0.6841072 0.4989285 0.734722 
capture_face_545_0.881857.jpg 0.795253699586153 0.3458746 0.3426034 0.7288742 0.3795933 0.56114566 0.54569644 0.39603943 0.70960355 0.67419076 0.7348436 
capture_face_945_0.931643.jpg 0.8013458730860633 0.3357212 0.46513546 0.6270929 0.47939938 0.46784616 0.67982036 0.39596492 0.75727075 0.61514485 0.75769293 
capture_face_426_0.534715.jpg 0.25007074092247594 0.34127423 0.43894315 0.5694802 0.38414156 0.46352282 0.57257843 0.4049215 0.67645764 0.62446535 0.617254 
capture_face_974_0.936083.jpg 0.8982041608851017 0.40895787 0.41233778 0.72824264 0.37948596 0.6109147 0.6258828 0.41785285 0.77876157 0.6386372 0.763523 
capture_face_524_0.912147.jpg 0.9746076640342859 0.5153803 0.4523701 0.764471 0.46156114 0.6968537 0.6571853 0.42110986 0.70413667 0.61169314 0.7326493 
